최종데이터/accident_27.asc
ncols         20
nrows         20
xllcorner     202043.92331028884
yllcorner     551161.691323056
cellsize      243.329816402587
NODATA_value  -9999
1.71058E-1 1.74798E-1 1.75737E-1 1.76166E-1 1.77316E-1 1.80211E-1 1.86469E-1 1.9764E-1 2.13618E-1 2.30817E-1 2.42393E-1 2.4245E-1 2.31072E-1 2.14128E-1 2.53981E-1 2.17125E-1 1.80295E-1 7.84009E-2 1.75864E-1 1.70345E-1
1.76077E-1 1.76511E-1 1.77121E-1 1.78116E-1 1.80135E-1 1.84781E-1 1.95008E-1 2.14495E-1 2.44992E-1 2.81563E-1 3.10029E-1 3.14783E-1 2.93082E-1 2.57625E-1 6.92325E-1 3.77779E-1 1.12754E-1 6.21367E-2 1.76767E-1 1.75729E-1
1.78147E-1 1.79783E-1 1.81936E-1 1.84717E-1 1.88544E-1 1.95061E-1 2.08339E-1 2.34881E-1 2.80397E-1 3.41287E-1 3.68315E-1 3.7492E-1 3.62714E-1 3.2136E-1 3.20869E-1 4.89356E-1 2.86105E-2 9.54376E-3 1.17776E-1 1.76462E-1
1.83555E-1 1.88748E-1 1.95733E-1 2.04321E-1 2.13643E-1 2.23459E-1 2.37206E-1 2.63664E-1 3.13493E-1 3.65376E-1 3.94266E-1 4.06926E-1 2.65973E-1 4.38807E-1 9.22759E-1 2.47401E-1 1.15382E-1 1.46919E-1 1.82491E-1 1.7815E-1
1.94591E-1 2.08348E-1 2.28201E-1 2.54014E-1 2.81448E-1 3.0249E-1 3.13913E-1 3.25696E-1 3.52588E-1 3.76021E-1 4.03433E-1 4.19604E-1 3.57706E-1 4.88634E-1 9.2547E-1 1.85048E-1 1.36388E-2 2.04259E-1 1.89387E-1 1.81528E-1
2.11712E-1 2.41883E-1 2.90053E-1 3.53982E-1 3.85014E-1 2.82724E-1 2.29948E-1 3.98788E-1 3.87474E-1 2.96686E-1 4.76385E-1 4.13881E-1 3.91698E-1 7.56841E-1 5.06561E-1 5.76246E-1 3.24032E-2 2.21113E-1 1.99736E-1 1.86951E-1
2.3022E-1 2.83257E-1 3.6114E-1 4.16874E-1 3.97016E-1 5.62171E-1 5.5908E-1 2.91964E-1 2.6139E-1 5.26177E-1 1.66108E-1 4.38125E-1 7.52021E-1 3.83002E-1 3.61432E-1 8.05217E-1 1.5413E-3 1.25893E-1 2.11123E-1 1.93322E-1
2.40341E-1 3.11725E-1 3.88898E-1 4.71112E-1 4.31829E-1 3.0343E-1 6.33421E-1 7.34097E-1 4.96752E-1 4.50112E-1 4.02388E-1 6.71462E-1 8.31512E-1 9.453E-1 6.62273E-1 1.53203E-1 2.15528E-2 6.8954E-2 2.17991E-1 1.97778E-1
2.35156E-1 3.06742E-1 3.90336E-1 5.82716E-1 4.67927E-1 5.4425E-1 9.70232E-1 9.2835E-1 3.81074E-1 8.67073E-1 6.21908E-1 1.03708E-1 4.09163E-1 3.28788E-1 6.45534E-1 3.60229E-1 5.48733E-1 1.14272E-1 2.15805E-1 1.97607E-1
2.18379E-1 2.72281E-1 3.64462E-1 3.8549E-1 6.1927E-1 8.70078E-1 9.75671E-1 9.09816E-1 8.37408E-1 9.70446E-1 6.73544E-1 2.45915E-1 3.04584E-1 2.81288E-1 2.65365E-1 3.53346E-1 3.40338E-1 8.44376E-3 1.0753E-1 1.93021E-1
1.99986E-1 2.31645E-1 6.51381E-1 8.09943E-1 5.35949E-1 9.98553E-1 6.16318E-1 9.62829E-1 9.66837E-1 6.30139E-1 3.43612E-1 8.54898E-1 2.8114E-1 2.57905E-1 2.4209E-1 2.2922E-1 3.75847E-1 2.53816E-1 9.5501E-2 1.8718E-1
2.55373E-1 2.87929E-1 5.40706E-1 5.87045E-1 2.15541E-1 8.15853E-1 5.18199E-1 9.99878E-1 5.08713E-1 3.10065E-1 4.2377E-1 5.04166E-1 2.75259E-1 2.59668E-1 2.42797E-1 2.27143E-1 2.88825E-1 3.49796E-1 3.30954E-1 2.63623E-1
5.06665E-1 1.71697E-1 4.48122E-1 4.40345E-1 1.56194E-1 4.88803E-1 9.01873E-1 1.49195E-1 1.78887E-1 3.47521E-1 2.86564E-1 4.2796E-1 8.46905E-1 9.15593E-1 3.65672E-1 3.41082E-1 8.66682E-1 2.63514E-1 5.70253E-2 6.87529E-2
5.36267E-1 4.39603E-2 2.73009E-1 5.13811E-1 2.08237E-2 7.51983E-1 4.46915E-1 2.01618E-1 5.90577E-1 7.96535E-1 1.09633E-1 4.70049E-1 5.62766E-1 5.23062E-1 2.81148E-1 8.31215E-1 2.50398E-1 9.9287E-1 1.53145E-1 1.58922E-1
3.02913E-1 1.64835E-1 4.09031E-1 2.62356E-1 4.1098E-2 2.37893E-1 8.12417E-2 2.11871E-1 3.06274E-1 2.5924E-1 3.52209E-1 7.03048E-1 8.47119E-1 5.39675E-1 1.72541E-1 6.58701E-1 9.79541E-1 2.88208E-1 8.93538E-2 4.24963E-2
1.66802E-1 1.09256E-1 2.47027E-1 2.16478E-1 1.77038E-1 1.78289E-1 1.80161E-1 1.68632E-1 1.60088E-1 1.91094E-1 3.36594E-1 4.83599E-1 8.97486E-1 3.53611E-1 4.54405E-1 3.87006E-1 5.21354E-1 6.23621E-1 2.27141E-1 5.96901E-2
1.6487E-1 1.65563E-1 1.67227E-1 1.70739E-1 1.75628E-1 1.75969E-1 1.76688E-1 1.78379E-1 1.82293E-1 9.09515E-2 6.68626E-1 4.83836E-1 6.657E-1 3.40657E-1 2.17847E-1 3.20304E-1 5.81298E-1 2.21059E-1 7.53641E-2 7.54782E-2
1.64553E-1 1.64649E-1 1.64895E-1 1.65468E-1 1.66821E-1 1.70527E-1 1.75758E-1 1.76738E-1 1.79418E-1 1.85632E-1 2.69589E-1 7.19989E-1 7.15231E-1 4.69227E-1 6.95464E-1 8.29776E-1 6.35268E-1 2.51655E-1 6.00675E-2 1.83689E-1
1.64511E-1 1.64522E-1 1.64553E-1 1.64647E-1 1.64985E-1 1.66406E-1 1.72401E-1 1.76093E-1 1.77923E-1 1.8252E-1 1.91969E-1 2.07646E-1 1.34001E-1 2.89607E-1 2.51205E-1 8.4485E-1 2.23377E-1 4.58567E-2 2.29548E-2 1.8172E-1
1.64507E-1 1.64508E-1 1.64512E-1 1.64532E-1 1.6465E-1 1.65299E-1 1.68427E-1 1.75729E-1 1.76856E-1 1.79836E-1 1.86222E-1 1.97172E-1 2.11643E-1 2.21757E-1 5.81081E-1 5.5004E-1 2.02009E-1 6.80762E-3 1.8634E-1 1.80007E-1
