최종데이터/accident_24.asc
ncols         20
nrows         20
xllcorner     202043.92331028884
yllcorner     551161.691323056
cellsize      243.329816402587
NODATA_value  -9999
5.21157E-2 5.33091E-2 5.55054E-2 6.10497E-2 7.85735E-2 1.28788E-1 1.34595E-1 1.4511E-1 1.60471E-1 1.77406E-1 1.89028E-1 1.89085E-1 1.7766E-1 1.60967E-1 1.45672E-1 1.86067E-1 2.36883E-1 4.46848E-2 5.70987E-2 5.18886E-2
5.98596E-2 6.58725E-2 7.53038E-2 9.34347E-2 1.28717E-1 1.33022E-1 1.42615E-1 1.61324E-1 1.9166E-1 2.29594E-1 2.60187E-1 2.6538E-1 2.41867E-1 2.0458E-1 1.86379E-1 1.21976E-1 7.10607E-2 1.41469E-1 6.96965E-2 5.54101E-2
9.40723E-2 1.28393E-1 1.30382E-1 1.32963E-1 1.36534E-1 1.42666E-1 1.55355E-1 1.81466E-1 2.2836E-1 2.94754E-1 3.56989E-1 3.77031E-1 3.40406E-1 2.72604E-1 5.0997E-1 2.37799E-1 1.28704E-2 2.21449E-2 9.67745E-2 6.51667E-2
1.31883E-1 1.36724E-1 1.43302E-1 1.51488E-1 1.60495E-1 1.70111E-1 1.83798E-1 2.10827E-1 2.63969E-1 3.48238E-1 4.38433E-1 4.67234E-1 5.38073E-1 6.02411E-1 5.69959E-1 1.94109E-1 3.71924E-2 1.7898E-1 1.30896E-1 9.413E-2
1.42221E-1 1.55363E-1 1.74804E-1 2.00867E-1 2.29472E-1 2.51999E-1 2.64428E-1 2.77391E-1 3.11436E-1 3.80422E-1 4.61168E-1 6.98994E-1 3.86509E-1 1.83708E-1 3.23546E-1 9.09873E-2 2.28843E-2 1.51429E-1 1.37323E-1 1.30004E-1
1.58619E-1 1.88512E-1 2.38626E-1 3.15345E-1 4.086E-1 4.37047E-1 3.59883E-1 4.52875E-1 4.16455E-1 2.82082E-1 7.2588E-1 4.79337E-1 1.49585E-1 5.85564E-1 1.35657E-1 6.91818E-1 8.56597E-2 1.67801E-1 1.47104E-1 1.35045E-1
1.76811E-1 2.31389E-1 3.35815E-1 4.84554E-1 8.21551E-1 7.16751E-1 4.97612E-1 3.60557E-1 5.73531E-1 5.4771E-1 2.12871E-1 9.77382E-1 9.98014E-1 4.02221E-1 3.36664E-1 1.63908E-1 8.89779E-4 1.3257E-1 1.58048E-1 1.41023E-1
1.86954E-1 2.62036E-1 4.21027E-1 5.79202E-1 7.71055E-1 9.36615E-1 9.7094E-1 9.35974E-1 8.41114E-1 5.42621E-1 4.59355E-1 2.82481E-1 5.46224E-1 7.23538E-1 1.23881E-1 3.32772E-2 8.15506E-2 6.98433E-2 1.64738E-1 1.45241E-1
1.81741E-1 2.5661E-1 4.25664E-1 8.33279E-1 5.29044E-1 3.73931E-1 8.53346E-1 6.70383E-1 6.08942E-1 9.91576E-1 7.25415E-1 5.41249E-2 7.6869E-1 2.80815E-1 4.13095E-1 2.34238E-1 2.34159E-1 1.6198E-1 1.62601E-1 1.45079E-1
1.65118E-1 2.19815E-1 5.64284E-1 4.34064E-1 3.05151E-1 9.52038E-1 9.01429E-1 9.09001E-1 7.50498E-1 9.12968E-1 2.68978E-1 1.7637E-1 2.54266E-1 2.29303E-1 2.12594E-1 1.90902E-1 6.4959E-1 1.67381E-2 1.37732E-1 1.4074E-1
1.47342E-1 1.78232E-1 6.8599E-1 8.30983E-1 4.40172E-1 1.25232E-1 9.71121E-1 9.77109E-1 9.78351E-1 8.83033E-1 3.38752E-1 4.60963E-1 2.29146E-1 2.04869E-1 1.88721E-1 1.75816E-1 2.66081E-1 2.99331E-1 6.68192E-2 1.35258E-1
2.18302E-1 2.61867E-1 2.96297E-1 2.38763E-1 6.0767E-1 9.68114E-1 5.55092E-1 8.61284E-1 1.76959E-1 6.18153E-1 2.52705E-1 5.63418E-1 1.22484E-1 2.06689E-1 1.89436E-1 1.73754E-1 1.72107E-1 2.68743E-1 1.04508E-1 1.23077E-1
4.36013E-1 5.59736E-2 1.81847E-2 2.25237E-1 3.77066E-2 1.21055E-1 7.57158E-1 3.29356E-1 3.12621E-1 2.06076E-1 4.45348E-1 1.47959E-1 3.89834E-2 5.83514E-1 2.0037E-1 1.81653E-1 2.55998E-1 8.09585E-2 1.67788E-2 2.47182E-1
4.28991E-2 8.01222E-3 3.7821E-1 1.37909E-1 1.81032E-2 8.65083E-1 3.37213E-1 3.39221E-1 1.38899E-1 8.88786E-2 1.00791E-2 1.49812E-1 9.78721E-1 2.48562E-1 2.29155E-1 3.94127E-1 2.76393E-1 2.36924E-1 1.68377E-1 1.24267E-1
2.46791E-1 6.47129E-2 9.12042E-3 1.29643E-1 1.02749E-1 3.6752E-2 1.16232E-1 1.7606E-1 5.58517E-2 3.60981E-1 4.34033E-2 2.35535E-1 1.91606E-1 4.99028E-1 2.88227E-1 1.12061E-1 9.6308E-1 9.39942E-3 2.82619E-2 5.78642E-2
5.07613E-2 5.80219E-2 1.1557E-1 2.54004E-1 7.39622E-2 9.69929E-2 1.28741E-1 1.153E-1 1.05143E-1 1.31841E-2 2.50215E-1 7.85149E-1 5.99261E-1 2.28338E-1 2.88759E-1 2.33139E-1 1.95116E-1 9.84762E-1 6.10108E-2 9.50338E-2
5.01482E-2 5.0368E-2 5.08965E-2 5.2014E-2 5.41751E-2 5.84438E-2 6.84899E-2 9.88732E-2 1.30713E-1 8.60686E-2 5.57801E-1 5.57691E-1 5.81961E-1 2.16934E-1 9.99211E-2 3.72697E-1 2.811E-1 5.42065E-2 9.83606E-2 7.00478E-2
5.00474E-2 5.00779E-2 5.01559E-2 5.03379E-2 5.07675E-2 5.19465E-2 5.57668E-2 6.92559E-2 1.23272E-1 1.33815E-1 1.27202E-1 1.38691E-1 3.72779E-1 7.05638E-1 4.67179E-1 5.76251E-1 7.23407E-2 1.17917E-2 1.83019E-1 1.32007E-1
5.00341E-2 5.00376E-2 5.00476E-2 5.00774E-2 5.01844E-2 5.06357E-2 5.25439E-2 6.00615E-2 8.96451E-2 1.30923E-1 1.39749E-1 1.54686E-1 1.23639E-1 6.16163E-1 1.97989E-1 8.6087E-1 1.7003E-1 1.9649E-1 4.93051E-2 1.30182E-1
5.00327E-2 5.00331E-2 5.00344E-2 5.00409E-2 5.00782E-2 5.02842E-2 5.1278E-2 5.54018E-2 7.10582E-2 1.28441E-1 1.34364E-1 1.44666E-1 1.58552E-1 1.82245E-1 1.76901E-1 3.45443E-1 1.06795E-1 1.01296E-2 1.34475E-1 1.28599E-1
