최종데이터/accident_28.asc
ncols         20
nrows         20
xllcorner     202043.92331028884
yllcorner     551161.691323056
cellsize      243.329816402587
NODATA_value  -9999
1.14414E-1 1.18516E-1 1.2618E-1 1.46146E-1 1.48102E-1 1.50734E-1 1.56436E-1 1.66664E-1 1.81399E-1 1.97391E-1 2.08229E-1 2.08283E-1 1.97629E-1 1.81871E-1 2.69585E-1 1.6866E-1 1.88721E-1 1.0363E-1 1.3183E-1 1.13638E-1
1.41789E-1 1.47371E-1 1.47925E-1 1.48828E-1 1.50664E-1 1.54895E-1 1.64248E-1 1.8221E-1 2.1067E-1 2.4532E-1 2.72657E-1 2.77252E-1 2.56344E-1 2.22577E-1 3.03726E-1 5.48654E-1 1.03316E-1 1.25003E-1 1.47604E-1 1.25845E-1
1.48857E-1 1.50344E-1 1.52303E-1 1.54837E-1 1.58331E-1 1.64297E-1 1.76517E-1 2.01189E-1 2.44206E-1 3.03024E-1 3.56628E-1 3.73666E-1 3.42457E-1 2.83624E-1 3.93982E-1 2.99541E-1 6.57037E-2 3.0727E-2 1.40838E-1 1.47327E-1
1.53778E-1 1.58517E-1 1.64914E-1 1.7281E-1 1.81422E-1 1.90533E-1 2.03366E-1 2.28293E-1 2.76004E-1 3.49159E-1 4.06602E-1 4.20003E-1 2.85695E-1 6.55393E-1 9.15895E-1 2.12936E-1 6.44313E-2 1.60329E-1 1.52809E-1 1.4886E-1
1.63866E-1 1.76525E-1 1.9495E-1 2.19167E-1 2.45209E-1 2.65387E-1 2.7641E-1 2.87833E-1 3.17513E-1 3.7654E-1 4.16306E-1 5.27135E-1 3.30548E-1 5.22577E-1 9.89846E-1 2.16903E-1 3.23235E-2 1.72753E-1 1.59101E-1 1.51932E-1
1.79635E-1 2.0775E-1 2.53441E-1 3.20894E-1 3.96808E-1 3.99971E-1 3.47572E-1 4.11389E-1 3.99412E-1 2.51205E-1 7.44714E-1 4.27364E-1 3.60976E-1 7.57066E-1 6.19464E-1 2.80709E-1 5.80186E-2 1.88352E-1 1.6859E-1 1.56876E-1
1.96834E-1 2.46937E-1 3.3852E-1 4.30532E-1 5.61992E-1 6.8058E-1 5.07747E-1 3.17285E-1 3.69491E-1 3.53636E-1 2.36296E-1 7.25559E-1 5.02403E-1 3.94677E-1 3.39249E-1 5.24933E-1 1.27609E-2 1.6228E-1 1.7909E-1 1.62703E-1
2.06303E-1 2.74295E-1 4.00919E-1 4.87874E-1 6.7654E-1 4.68001E-1 7.22954E-1 6.73538E-1 4.57447E-1 4.65687E-1 4.152E-1 7.09499E-1 8.67486E-1 9.78586E-1 4.70373E-1 8.40585E-2 7.04101E-2 1.04961E-1 1.85452E-1 1.66791E-1
2.01446E-1 2.69485E-1 4.02442E-1 7.81884E-1 5.50487E-1 4.58153E-1 8.6711E-1 6.6391E-1 3.89907E-1 8.62866E-1 3.91513E-1 1.23199E-1 4.0039E-1 2.90838E-1 6.9602E-1 3.89073E-1 1.90354E-1 1.23406E-1 1.83425E-1 1.66634E-1
1.85812E-1 2.36474E-1 4.20131E-1 3.5788E-1 6.61637E-1 8.79326E-1 8.80771E-1 9.60536E-1 7.80032E-1 9.66166E-1 5.18906E-1 1.65662E-1 2.67403E-1 2.45057E-1 2.29905E-1 2.16657E-1 1.71239E-1 2.83242E-2 1.55475E-1 1.62428E-1
1.6882E-1 1.98165E-1 5.69404E-1 6.06769E-1 2.84178E-1 7.80694E-1 5.2052E-1 9.49133E-1 9.9997E-1 8.93816E-1 2.66474E-1 5.7291E-1 2.44915E-1 2.22842E-1 2.07945E-1 1.959E-1 2.46536E-1 3.76635E-1 6.72605E-2 1.57085E-1
3.53689E-1 2.12783E-1 2.14573E-1 3.85889E-1 8.92894E-1 9.95219E-1 8.90427E-1 9.97596E-1 1.82637E-1 4.47303E-1 3.25145E-1 3.3838E-1 1.25342E-1 2.24509E-1 2.08608E-1 1.93963E-1 3.42108E-1 5.64527E-1 1.29369E-1 1.90013E-1
7.71692E-1 1.71699E-1 1.03759E-1 7.18675E-1 1.80303E-1 6.49613E-1 9.81517E-1 4.08673E-1 2.64156E-1 1.92422E-1 5.08389E-1 3.00893E-1 6.42234E-1 8.71446E-1 2.25636E-1 2.07817E-1 3.8033E-1 2.44319E-1 3.57995E-2 1.19293E-1
1.28027E-1 2.39048E-2 2.79504E-1 3.92239E-1 4.0742E-2 8.85772E-1 4.7801E-1 2.10067E-1 2.1536E-1 5.33658E-1 3.21338E-2 3.26887E-1 6.043E-1 4.21976E-1 2.44923E-1 6.51977E-1 2.07425E-1 8.19848E-1 1.96699E-1 1.22804E-1
1.49952E-1 1.32884E-1 6.58242E-2 2.58761E-1 1.78574E-2 6.52576E-2 1.03751E-1 1.54814E-1 1.78586E-1 3.77769E-1 8.41328E-2 5.0096E-1 7.61821E-1 3.12641E-1 2.22566E-1 1.43818E-1 8.29877E-1 1.78131E-1 1.7548E-1 5.56977E-2
1.09813E-1 1.0524E-1 1.02875E-1 1.58284E-1 1.4785E-1 1.48986E-1 1.50688E-1 1.32132E-1 1.17568E-1 6.86451E-2 1.97893E-1 4.18716E-1 6.31794E-1 3.81628E-1 4.43239E-1 3.91878E-1 3.30475E-1 7.26557E-1 3.32196E-1 8.15835E-2
1.07749E-1 1.08487E-1 1.10269E-1 1.14066E-1 1.21521E-1 1.36655E-1 1.47532E-1 1.49068E-1 1.52629E-1 1.08613E-1 6.84061E-1 2.82701E-1 7.32437E-1 3.67047E-1 2.87115E-1 4.06116E-1 2.61626E-1 1.90051E-1 1.10564E-1 9.36828E-2
1.07411E-1 1.07513E-1 1.07775E-1 1.08386E-1 1.09834E-1 1.13836E-1 1.27102E-1 1.47578E-1 1.50012E-1 1.55672E-1 3.05825E-1 4.09955E-1 7.6739E-1 5.26315E-1 8.16634E-1 6.98086E-1 2.95983E-1 2.78577E-2 1.27228E-1 1.539E-1
1.07367E-1 1.07378E-1 1.07412E-1 1.07512E-1 1.07871E-1 1.09389E-1 1.15881E-1 1.42525E-1 1.48654E-1 1.52835E-1 1.61464E-1 1.75877E-1 1.48875E-1 2.40367E-1 2.16517E-1 8.62794E-1 1.90456E-1 1.03974E-1 6.2066E-2 1.52106E-1
1.07362E-1 1.07363E-1 1.07368E-1 1.07389E-1 1.07514E-1 1.08206E-1 1.11561E-1 1.25816E-1 1.47684E-1 1.50392E-1 1.5621E-1 1.66234E-1 1.79571E-1 1.53549E-1 5.77341E-1 6.58045E-1 2.16618E-1 2.26713E-2 1.56318E-1 1.50548E-1
