최종데이터/accident_3.asc
ncols         20
nrows         20
xllcorner     202043.92331028884
yllcorner     551161.691323056
cellsize      243.329816402587
NODATA_value  -9999
1.25169E-1 1.25285E-1 1.25492E-1 1.25983E-1 1.27301E-1 1.30644E-1 1.37976E-1 1.51425E-1 1.71435E-1 1.93941E-1 2.09623E-1 2.09701E-1 1.94282E-1 1.72089E-1 2.32095E-1 1.26119E-1 1.35674E-1 8.42327E-2 1.25638E-1 1.25147E-1
1.25881E-1 1.26377E-1 1.27077E-1 1.28221E-1 1.30555E-1 1.35983E-1 1.48215E-1 1.72559E-1 2.13199E-1 2.65579E-1 2.87557E-1 2.90087E-1 2.78434E-1 2.30871E-1 3.44472E-1 4.04046E-1 8.08466E-2 9.32777E-2 1.26672E-1 1.25483E-1
1.28257E-1 1.30147E-1 1.32649E-1 1.35908E-1 1.40439E-1 1.48279E-1 1.64725E-1 1.99399E-1 2.63854E-1 3.03995E-1 3.31649E-1 3.40154E-1 3.24481E-1 2.93569E-1 6.12148E-1 2.03562E-1 5.04065E-2 2.93127E-2 1.20427E-1 1.26321E-1
1.34543E-1 1.40682E-1 1.49097E-1 1.59683E-1 1.71468E-1 1.84194E-1 2.02545E-1 2.39482E-1 2.89402E-1 3.27882E-1 3.65364E-1 3.82089E-1 4.00557E-1 8.40034E-1 6.03035E-1 2.16534E-1 3.12801E-2 1.06335E-1 1.33298E-1 1.28261E-1
1.47709E-1 1.64737E-1 1.90455E-1 2.25772E-1 2.65408E-1 2.83518E-1 2.89625E-1 2.95853E-1 3.11623E-1 3.41577E-1 3.77458E-1 3.99002E-1 2.71364E-1 8.77895E-1 9.08998E-1 3.03321E-1 6.68484E-2 1.59606E-1 1.41444E-1 1.32174E-1
1.69002E-1 2.08923E-1 2.76786E-1 3.13386E-1 3.53253E-1 3.60594E-1 3.06014E-1 3.71319E-1 3.56464E-1 3.57804E-1 5.95421E-1 3.91348E-1 2.98818E-1 5.59451E-1 6.43295E-1 9.39086E-1 6.06917E-2 1.81124E-1 1.53999E-1 1.38547E-1
1.93144E-1 2.68091E-1 3.22473E-1 3.95348E-1 4.89291E-1 6.26069E-1 4.43227E-1 4.8991E-1 3.06415E-1 2.76677E-1 6.18716E-1 6.37249E-1 6.91214E-1 3.50632E-1 3.22845E-1 6.27633E-1 1.12018E-2 1.56604E-1 1.68252E-1 1.46172E-1
2.06812E-1 2.8846E-1 3.58326E-1 4.69137E-1 6.08869E-1 7.82111E-1 6.67593E-1 5.79448E-1 5.52217E-1 4.40299E-1 3.76075E-1 9.70256E-1 7.29891E-1 9.43208E-1 6.05838E-1 2.65715E-1 1.16848E-1 9.60981E-2 1.77064E-1 1.51594E-1
1.9977E-1 2.858E-1 3.60208E-1 6.68847E-1 4.59855E-1 8.06619E-1 9.24096E-1 8.36632E-1 3.92654E-1 9.04973E-1 2.66283E-1 8.05958E-2 5.54028E-1 2.97477E-1 4.60402E-1 3.98379E-1 1.22026E-1 8.22829E-2 1.74242E-1 1.51384E-1
1.77568E-1 2.5194E-1 3.32047E-1 3.03114E-1 4.91848E-1 7.90843E-1 8.18924E-1 8.65515E-1 6.62729E-1 6.79227E-1 4.61629E-1 2.56789E-1 2.84643E-1 2.65172E-1 2.41925E-1 2.10964E-1 3.53925E-1 2.02654E-2 1.5212E-1 1.45809E-1
1.54307E-1 1.95049E-1 6.88184E-1 4.26594E-1 5.54823E-1 9.78801E-1 7.22598E-1 9.98714E-1 9.45489E-1 7.64934E-1 1.84803E-1 5.24562E-1 2.64952E-1 2.31269E-1 2.09206E-1 1.9181E-1 1.44913E-1 5.56619E-1 9.87096E-2 1.38818E-1
2.25862E-1 1.54061E-1 1.63855E-1 3.09499E-1 8.15995E-1 9.9359E-1 8.38973E-1 9.99649E-1 4.13897E-1 3.54605E-1 2.34889E-1 2.81814E-1 2.05322E-1 2.33773E-1 2.10177E-1 1.89052E-1 1.93154E-1 4.05932E-1 7.98378E-2 1.26224E-1
6.96496E-1 2.12182E-1 1.93703E-1 5.82058E-1 3.48252E-1 9.35199E-1 9.42279E-1 4.47077E-1 3.02542E-1 2.99097E-1 6.67288E-1 2.9706E-1 8.78134E-1 8.11372E-1 2.23825E-1 1.98509E-1 4.57283E-1 1.97976E-1 1.35529E-1 2.25751E-1
9.02296E-1 9.84693E-2 3.22394E-1 2.44502E-1 3.41472E-2 7.67578E-1 5.70474E-1 4.57656E-1 3.9891E-1 4.38009E-1 3.63025E-1 4.22659E-1 9.69513E-1 4.55594E-1 2.64964E-1 7.58564E-1 1.76206E-1 4.65096E-1 3.93528E-1 1.02212E-1
2.01081E-1 1.25848E-1 1.57811E-1 1.58831E-1 5.5015E-2 1.8581E-1 9.3567E-2 1.18925E-1 2.26679E-1 2.48186E-1 1.97778E-1 4.33824E-1 8.40209E-1 3.98492E-1 2.24381E-1 1.38214E-1 8.91042E-1 4.73886E-1 7.47674E-1 5.19838E-2
1.25034E-1 1.20303E-1 2.16008E-1 2.5181E-1 1.26983E-1 1.28421E-1 1.30585E-1 1.09007E-1 9.29726E-2 9.70093E-2 1.71816E-1 4.4373E-1 7.35084E-1 3.87417E-1 4.11834E-1 3.03489E-1 2.44824E-1 8.90065E-1 6.54424E-1 7.50013E-2
1.24972E-1 1.24995E-1 1.25048E-1 1.25159E-1 1.25368E-1 1.25758E-1 1.2658E-1 1.28525E-1 1.33067E-1 8.80545E-2 5.33479E-1 3.43906E-1 8.51352E-1 3.66131E-1 5.07612E-1 5.05104E-1 1.51563E-1 2.06827E-1 1.23525E-1 7.35842E-2
1.24962E-1 1.24965E-1 1.24973E-1 1.24992E-1 1.25035E-1 1.25152E-1 1.25516E-1 1.26639E-1 1.29725E-1 1.36987E-1 2.41857E-1 8.88896E-1 8.21055E-1 7.66079E-1 8.44881E-1 3.86587E-1 2.96382E-1 1.20604E-1 1.16594E-1 1.347E-1
1.24961E-1 1.24961E-1 1.24962E-1 1.24965E-1 1.24976E-1 1.25022E-1 1.25211E-1 1.25899E-1 1.28E-1 1.33331E-1 1.44541E-1 1.63852E-1 4.15837E-1 3.83412E-1 2.21832E-1 6.75008E-1 1.84086E-1 1.531E-1 4.61116E-2 1.32398E-1
1.24961E-1 1.24961E-1 1.24961E-1 1.24961E-1 1.24965E-1 1.24986E-1 1.25086E-1 1.25483E-1 1.26773E-1 1.30208E-1 1.37683E-1 1.50852E-1 1.68914E-1 1.16805E-1 4.03596E-1 4.87357E-1 1.99231E-1 2.58517E-2 1.37823E-1 1.30407E-1
