최종데이터/accident_11.asc
ncols         20
nrows         20
xllcorner     202043.92331028884
yllcorner     551161.691323056
cellsize      243.329816402587
NODATA_value  -9999
1.10138E-1 1.11846E-1 1.14957E-1 1.22633E-1 1.34698E-1 1.54151E-1 2.03803E-1 2.22127E-1 2.429E-1 2.65428E-1 2.80671E-1 2.80746E-1 2.65763E-1 2.43566E-1 2.53473E-1 1.93434E-1 1.54748E-1 1.03699E-1 1.17189E-1 1.09811E-1
1.21006E-1 1.2912E-1 1.33464E-1 1.39861E-1 1.5361E-1 1.89333E-1 2.18721E-1 2.44044E-1 2.84101E-1 3.32583E-1 3.70482E-1 3.76814E-1 3.47911E-1 3.00806E-1 2.18266E-1 4.6327E-1 1.47194E-1 1.12419E-1 1.3125E-1 1.14823E-1
1.40069E-1 1.5114E-1 1.66763E-1 1.88802E-1 2.1038E-1 2.1879E-1 2.36018E-1 2.70773E-1 3.31033E-1 4.12094E-1 4.83961E-1 5.06304E-1 4.65184E-1 3.85574E-1 6.10955E-1 2.50448E-1 8.93665E-2 6.53434E-2 1.37738E-1 1.28181E-1
1.79333E-1 2.10642E-1 2.19659E-1 2.30792E-1 2.42933E-1 2.55771E-1 2.73834E-1 3.08811E-1 3.75096E-1 4.74085E-1 5.72418E-1 5.91948E-1 7.4263E-1 8.5975E-1 8.9108E-1 2.87283E-1 1.2268E-1 1.76324E-1 1.70996E-1 1.40087E-1
2.18182E-1 2.3603E-1 2.61991E-1 2.96026E-1 3.3243E-1 3.6044E-1 3.75655E-1 3.91348E-1 4.31735E-1 5.10047E-1 5.91948E-1 7.82072E-1 5.41386E-1 7.39351E-1 8.14609E-1 3.36382E-1 1.21227E-1 2.30712E-1 2.11466E-1 1.63707E-1
2.40413E-1 2.79998E-1 3.4388E-1 4.36297E-1 5.40732E-1 5.75557E-1 5.27118E-1 5.87893E-1 5.49154E-1 5.52665E-1 9.42393E-1 5.91948E-1 2.82871E-1 7.06377E-1 5.48416E-1 9.85408E-1 2.55635E-1 2.52698E-1 2.24842E-1 2.08083E-1
2.64644E-1 3.34836E-1 4.59937E-1 5.91948E-1 5.77411E-1 5.9941E-1 6.80259E-1 5.15714E-1 5.13936E-1 5.60212E-1 8.67489E-1 9.73289E-1 6.34547E-1 5.33851E-1 4.60909E-1 5.60174E-1 3.64574E-2 2.35451E-1 2.39645E-1 2.16543E-1
2.77964E-1 3.7274E-1 5.5403E-1 5.91948E-1 5.66674E-1 6.06181E-1 5.91948E-1 5.77203E-1 5.73306E-1 5.91948E-1 5.91362E-1 9.16398E-1 5.95302E-1 9.73415E-1 4.07617E-1 5.20898E-1 2.60046E-1 1.77765E-1 2.48612E-1 2.22305E-1
2.71134E-1 3.66104E-1 5.58956E-1 6.46213E-1 4.1016E-1 3.22529E-1 5.66768E-1 7.55336E-1 3.96291E-1 9.36706E-1 6.26599E-1 2.10661E-1 7.20371E-1 3.95464E-1 7.98626E-1 3.80513E-1 1.91675E-1 9.20701E-2 2.45755E-1 2.22084E-1
2.4912E-1 3.20247E-1 4.71026E-1 5.41386E-1 6.63152E-1 3.99131E-1 7.96193E-1 5.49759E-1 7.96193E-1 9.78657E-1 5.03867E-1 4.2698E-1 3.63228E-1 3.32218E-1 3.11067E-1 2.82745E-1 3.83094E-1 7.09031E-2 2.16539E-1 2.16155E-1
2.25166E-1 2.66517E-1 5.9315E-1 4.53919E-1 7.60179E-1 9.52354E-1 8.60553E-1 7.50572E-1 9.91871E-1 9.44295E-1 3.47854E-1 7.7738E-1 3.32021E-1 3.01178E-1 2.80271E-1 2.63329E-1 1.10168E-1 5.53293E-1 1.87355E-1 2.08624E-1
2.53064E-1 2.19682E-1 2.79455E-1 5.26808E-1 9.18146E-1 9.99199E-1 7.04154E-1 7.24485E-1 3.20203E-1 5.1307E-1 5.23375E-1 2.17674E-1 3.18941E-1 3.03514E-1 2.81204E-1 2.60602E-1 3.67601E-1 3.02449E-1 2.70403E-1 2.65291E-1
6.36511E-1 2.07469E-1 1.34517E-1 3.42646E-1 7.06451E-1 7.94716E-1 8.86025E-1 6.00888E-1 3.73075E-1 4.36492E-1 6.8908E-1 5.09635E-1 6.73778E-1 6.24963E-1 2.95004E-1 2.70663E-1 2.48325E-1 1.13738E-1 1.90056E-1 3.34997E-1
6.038E-1 1.26355E-1 2.27091E-1 3.87865E-1 9.18989E-2 9.80595E-1 7.77387E-1 5.28693E-1 1.8355E-1 4.3707E-1 3.0242E-1 2.13024E-1 9.03437E-1 4.6456E-1 3.32032E-1 8.60556E-1 2.56141E-1 5.14242E-1 6.2741E-1 1.69433E-1
3.88983E-1 1.09288E-1 2.10748E-1 1.50481E-1 2.41246E-1 3.97409E-1 1.71014E-1 2.07752E-1 1.76344E-1 3.95615E-1 2.16458E-1 3.60221E-1 8.39364E-1 7.94792E-1 3.22066E-1 3.40468E-1 9.87721E-1 2.33876E-1 4.9836E-1 6.52694E-2
1.08183E-1 1.02497E-1 2.47227E-1 1.72729E-1 1.32946E-1 1.41005E-1 1.53792E-1 1.77517E-1 1.86494E-1 2.43535E-1 2.58269E-1 5.71757E-1 7.67627E-1 3.72477E-1 2.51666E-1 3.24662E-1 4.53501E-1 6.50033E-1 5.2774E-1 7.1936E-2
1.07292E-1 1.07612E-1 1.08379E-1 1.09992E-1 1.13078E-1 1.19056E-1 1.30756E-1 1.41597E-1 1.69477E-1 1.81141E-1 7.38489E-1 5.13484E-1 5.04897E-1 3.56777E-1 3.65869E-1 7.07301E-1 4.59991E-1 2.3521E-1 1.72724E-1 1.54759E-1
1.07145E-1 1.0719E-1 1.07303E-1 1.07568E-1 1.08192E-1 1.09895E-1 1.15325E-1 1.31071E-1 1.4861E-1 1.96529E-1 2.72022E-1 5.39416E-1 8.80629E-1 4.47708E-1 8.8366E-1 7.39962E-1 4.29458E-1 1.51462E-1 2.83897E-1 1.80403E-1
1.07126E-1 1.07131E-1 1.07146E-1 1.07189E-1 1.07345E-1 1.08001E-1 1.10752E-1 1.21283E-1 1.38607E-1 1.71213E-1 2.14796E-1 2.35117E-1 6.11769E-1 3.39689E-1 2.9231E-1 8.89341E-1 2.55663E-1 3.44764E-1 1.02036E-1 1.6514E-1
1.07124E-1 1.07125E-1 1.07127E-1 1.07136E-1 1.0719E-1 1.0749E-1 1.08931E-1 1.14812E-1 1.318E-1 1.51506E-1 2.01628E-1 2.2152E-1 2.40323E-1 2.13119E-1 4.98301E-1 3.19097E-1 2.63853E-1 6.6265E-2 2.02668E-1 1.52709E-1
