최종데이터/accident_7.asc
ncols         20
nrows         20
xllcorner     202043.92331028884
yllcorner     551161.691323056
cellsize      243.329816402587
NODATA_value  -9999
1.84931E-1 1.91146E-1 2.00151E-1 2.22054E-1 2.23855E-1 2.25905E-1 2.3029E-1 2.37972E-1 2.48665E-1 2.59832E-1 2.6717E-1 2.67206E-1 2.59995E-1 2.49001E-1 2.58374E-1 2.29503E-1 2.4471E-1 9.91644E-2 2.06452E-1 1.83753E-1
2.17358E-1 2.23282E-1 2.23716E-1 2.24422E-1 2.25851E-1 2.29113E-1 2.36178E-1 2.49243E-1 2.688E-1 2.91102E-1 3.07775E-1 3.1051E-1 2.97913E-1 2.7663E-1 2.19019E-1 2.25093E-1 8.48693E-2 1.03484E-1 2.23465E-1 1.99775E-1
2.24445E-1 2.25602E-1 2.27119E-1 2.29068E-1 2.31731E-1 2.36214E-1 2.45168E-1 2.62424E-1 2.90407E-1 3.25533E-1 3.55364E-1 3.64525E-1 3.47638E-1 3.14272E-1 6.51228E-1 1.12024E-1 5.40964E-2 3.75196E-2 1.66709E-1 2.23248E-1
2.28255E-1 2.31871E-1 2.36673E-1 2.42483E-1 2.48682E-1 2.55096E-1 2.63899E-1 2.80325E-1 3.09769E-1 3.51304E-1 3.91641E-1 4.09592E-1 8.35477E-1 7.54065E-1 6.42542E-1 2.70304E-1 1.26986E-1 1.27509E-1 2.27509E-1 2.24447E-1
2.35893E-1 2.45174E-1 2.58155E-1 2.74407E-1 2.91033E-1 3.0341E-1 3.1001E-1 3.1674E-1 3.33768E-1 3.66058E-1 4.04625E-1 4.54139E-1 5.04132E-1 9.07868E-1 5.37779E-1 3.84015E-1 3.30784E-2 2.42442E-1 2.32314E-1 2.26832E-1
2.47407E-1 2.6685E-1 2.96131E-1 3.3567E-1 3.78623E-1 3.14013E-1 2.40329E-1 3.98036E-1 3.82076E-1 3.1695E-1 6.41098E-1 4.19516E-1 4.96315E-1 6.15143E-1 4.79549E-1 9.62814E-1 1.04471E-1 2.53573E-1 2.39394E-1 2.30625E-1
2.5945E-1 2.92109E-1 3.45472E-1 4.23799E-1 5.16408E-1 4.96519E-1 7.5223E-1 5.23616E-1 5.68926E-1 6.19682E-1 8.88023E-1 8.57528E-1 2.08325E-1 3.75804E-1 3.45874E-1 6.31569E-1 1.00977E-3 1.46054E-1 2.47017E-1 2.35024E-1
2.65879E-1 3.08752E-1 3.84077E-1 5.02405E-1 7.76632E-1 5.57367E-1 8.81013E-1 8.02252E-1 2.21115E-1 4.71785E-1 4.03141E-1 9.6739E-1 5.90254E-1 9.26065E-1 2.8198E-1 3.99647E-1 1.58427E-1 6.45287E-2 2.51536E-1 2.38066E-1
2.62598E-1 3.05876E-1 3.86101E-1 5.85631E-1 6.28522E-1 3.92893E-1 7.48732E-1 9.20691E-1 7.47145E-1 9.79373E-1 5.56959E-1 3.69803E-2 5.06589E-1 3.18493E-1 4.17417E-1 3.17297E-1 1.95154E-1 1.89394E-2 2.50104E-1 2.37949E-1
2.5179E-1 2.85544E-1 3.73081E-1 5.51941E-1 3.24978E-1 5.02733E-1 9.59558E-1 9.12097E-1 7.30997E-1 8.30521E-1 6.38499E-1 3.37534E-1 3.04625E-1 2.90938E-1 2.8136E-1 2.53478E-1 4.84196E-1 1.28781E-2 1.69066E-1 2.34818E-1
2.39563E-1 2.60362E-1 5.31255E-1 2.31103E-1 2.63433E-1 9.96739E-1 9.93618E-1 8.49447E-1 9.14213E-1 7.2858E-1 4.5272E-1 9.78793E-1 2.9085E-1 2.76803E-1 2.6698E-1 2.58809E-1 1.27055E-1 5.94306E-1 1.82337E-1 2.30784E-1
3.47298E-1 2.42031E-1 3.89376E-1 4.17031E-1 4.78974E-1 9.76573E-1 5.68613E-1 2.46205E-1 3.37729E-1 3.73962E-1 4.64952E-1 1.13673E-1 2.74436E-1 2.77884E-1 2.67424E-1 2.57474E-1 3.99529E-1 3.11307E-1 3.97161E-1 2.23218E-1
6.164E-1 3.31767E-1 2.12177E-1 3.13121E-1 1.97014E-1 7.81287E-1 7.35539E-1 3.04672E-1 3.30415E-1 4.07824E-1 7.56264E-1 4.21175E-1 7.56987E-1 6.09592E-1 2.58994E-1 2.47953E-1 3.38829E-1 1.86739E-1 1.89087E-1 6.19767E-1
9.23639E-1 2.28961E-1 2.99929E-1 3.60308E-1 2.14152E-2 9.45169E-1 6.77763E-1 5.35182E-1 6.64754E-2 5.82247E-1 3.81345E-1 2.0969E-1 9.73014E-1 3.35622E-1 2.90855E-1 9.54618E-1 3.20691E-1 6.96951E-1 5.60453E-1 2.87545E-1
6.53041E-1 2.29563E-1 5.23254E-1 3.20082E-1 2.4712E-2 5.90108E-1 2.95826E-1 3.04113E-1 1.94689E-1 2.72818E-1 4.44771E-1 5.12319E-1 9.91989E-1 9.11019E-1 3.69285E-1 5.76893E-1 9.78659E-1 6.18314E-1 7.23482E-1 2.71202E-2
1.77933E-1 1.98465E-1 6.50127E-1 3.91642E-1 2.23658E-1 2.24546E-1 2.25869E-1 2.85077E-1 2.90011E-1 1.9388E-1 3.20847E-1 7.894E-1 9.08363E-1 3.13789E-1 1.57081E-1 3.98414E-1 3.84546E-1 8.16966E-1 5.57572E-1 2.44838E-2
1.74784E-1 1.75912E-1 1.78629E-1 1.84403E-1 1.94889E-1 2.11767E-1 2.23408E-1 2.24609E-1 2.2737E-1 1.62064E-1 6.39108E-1 3.52583E-1 5.36284E-1 3.06874E-1 2.80669E-1 3.29151E-1 4.5385E-1 3.28747E-1 1.49891E-1 1.3026E-1
1.74268E-1 1.74424E-1 1.74824E-1 1.75757E-1 1.77965E-1 1.84053E-1 2.01185E-1 2.23444E-1 2.25344E-1 2.29707E-1 3.35279E-1 8.19843E-1 7.79215E-1 1.70216E-1 8.6156E-1 4.70412E-1 5.2343E-1 1.43351E-1 2.79501E-1 2.28349E-1
1.742E-1 1.74218E-1 1.74269E-1 1.74422E-1 1.7497E-1 1.77287E-1 1.87156E-1 2.18155E-1 2.24286E-1 2.27529E-1 2.34095E-1 2.44707E-1 8.30366E-1 2.50129E-1 2.72669E-1 7.32331E-1 2.55042E-1 3.0441E-1 3.60779E-2 2.26967E-1
1.74193E-1 1.74195E-1 1.74202E-1 1.74235E-1 1.74426E-1 1.75482E-1 1.80595E-1 1.99742E-1 2.23528E-1 2.25639E-1 2.30117E-1 2.37653E-1 2.47361E-1 3.22812E-1 3.50583E-1 2.83012E-1 3.32356E-1 1.38338E-2 2.302E-1 2.25761E-1
