최종데이터/accident_23.asc
ncols         20
nrows         20
xllcorner     202043.92331028884
yllcorner     551161.691323056
cellsize      243.329816402587
NODATA_value  -9999
1.15312E-1 1.23198E-1 1.38527E-1 1.81901E-1 1.8461E-1 1.86078E-1 1.89215E-1 1.94698E-1 2.02308E-1 2.10232E-1 2.15428E-1 2.15453E-1 2.10348E-1 2.02547E-1 2.69739E-1 2.19762E-1 2.02079E-1 1.392E-1 1.50309E-1 1.13847E-1
1.72032E-1 1.84201E-1 1.84511E-1 1.85017E-1 1.8604E-1 1.88373E-1 1.93418E-1 2.02719E-1 2.1658E-1 2.32321E-1 2.43965E-1 2.4568E-1 2.37118E-1 2.22114E-1 4.81561E-1 5.97663E-1 1.52299E-1 1.34474E-1 1.84331E-1 1.3784E-1
1.85033E-1 1.85862E-1 1.86948E-1 1.88341E-1 1.90244E-1 1.93444E-1 1.99822E-1 2.12068E-1 2.31832E-1 2.55071E-1 2.73611E-1 2.79283E-1 2.6882E-1 2.48036E-1 5.06801E-1 2.34427E-1 1.24152E-1 7.06252E-2 1.76903E-1 1.84176E-1
1.8776E-1 1.90345E-1 1.93772E-1 1.97912E-1 2.0232E-1 2.06874E-1 2.13113E-1 2.24722E-1 2.45216E-1 2.71094E-1 2.96038E-1 3.07117E-1 2.97778E-1 5.21973E-1 9.27538E-1 2.17644E-1 1.95942E-1 1.85392E-1 1.87227E-1 1.85035E-1
1.93215E-1 1.99826E-1 2.09043E-1 2.20543E-1 2.32273E-1 2.40986E-1 2.45367E-1 2.4958E-1 2.60201E-1 2.80232E-1 3.04052E-1 4.54086E-1 2.70967E-1 3.89171E-1 8.27448E-1 2.9463E-1 3.20243E-2 1.97882E-1 1.90661E-1 1.86742E-1
2.01414E-1 2.15201E-1 2.35863E-1 2.61385E-1 2.87999E-1 2.94046E-1 2.60669E-1 2.99985E-1 2.90132E-1 1.06596E-1 6.73537E-1 3.13242E-1 1.93575E-1 6.53628E-1 5.98588E-1 4.14259E-1 2.99564E-1 2.05794E-1 1.95711E-1 1.89454E-1
2.09962E-1 2.33031E-1 2.67476E-1 3.15886E-1 3.2206E-1 5.13042E-1 5.41792E-1 4.00996E-1 2.68726E-1 2.90199E-1 2.05837E-1 8.91863E-1 6.18382E-2 2.86257E-1 2.67725E-1 6.91943E-1 3.83456E-2 1.7759E-1 2.01137E-1 1.92595E-1
2.14514E-1 2.44578E-1 2.91368E-1 3.64707E-1 4.7995E-1 5.32193E-1 5.43326E-1 5.36143E-1 1.98058E-1 3.45599E-1 3.03136E-1 8.92611E-1 7.1786E-1 5.54637E-1 7.31741E-1 1.23663E-1 2.91133E-1 1.23691E-1 2.04348E-1 1.94765E-1
2.12192E-1 2.42721E-1 2.92617E-1 5.26444E-1 6.54774E-1 6.99718E-1 5.25359E-1 8.06799E-1 4.29747E-1 7.92741E-1 3.73491E-1 1.63495E-1 5.23285E-2 2.50676E-1 6.12227E-1 3.20666E-1 3.0868E-1 1.07692E-1 2.03331E-1 1.94682E-1
2.04528E-1 2.28404E-1 2.81035E-1 2.95284E-1 6.01283E-1 6.78107E-1 7.94121E-1 8.40989E-1 6.0275E-1 9.44055E-1 5.66575E-1 8.62971E-2 2.41841E-1 2.32206E-1 2.25452E-1 2.43866E-1 3.38345E-1 4.67649E-2 1.54292E-1 1.92448E-1
1.95832E-1 2.10608E-1 7.0676E-1 4.11772E-1 1.48165E-1 9.99795E-1 4.83771E-1 9.96667E-1 9.81287E-1 8.99029E-1 2.91042E-1 9.51785E-1 2.32144E-1 2.22236E-1 2.15293E-1 2.09507E-1 2.19834E-1 4.03085E-1 1.54286E-2 1.89568E-1
3.04855E-1 2.37419E-1 2.33233E-1 3.55157E-1 9.46083E-1 8.19352E-1 7.00798E-1 7.57543E-1 2.58094E-1 2.43456E-1 3.46701E-1 2.35987E-1 8.55628E-2 2.22999E-1 2.15607E-1 2.08561E-1 3.00546E-1 4.32193E-1 2.89082E-1 2.48539E-1
2.97489E-1 3.74667E-1 4.94558E-1 5.3963E-1 1.52264E-1 7.32417E-1 9.72691E-1 4.80979E-2 2.34756E-1 1.74303E-1 7.94976E-1 3.58313E-1 9.41138E-1 8.16804E-1 2.48384E-1 2.3933E-1 6.47057E-1 5.73662E-1 6.73095E-2 2.09899E-1
9.81867E-1 5.98267E-2 3.25605E-1 3.93964E-1 7.16909E-2 9.48322E-1 4.79401E-1 4.00259E-1 1.04615E-1 6.80405E-1 2.94066E-1 5.35564E-1 7.96258E-1 3.88356E-1 2.32147E-1 7.2039E-1 2.29524E-1 7.41178E-1 5.12957E-1 2.11136E-1
2.66139E-1 2.51537E-1 5.23697E-1 3.20409E-1 1.05644E-1 4.22427E-1 1.45291E-1 2.36691E-1 2.87478E-1 3.89467E-1 1.81466E-1 5.87598E-1 9.87086E-1 3.13144E-1 1.93719E-1 3.92728E-1 9.95027E-1 5.38578E-1 5.54412E-1 8.49588E-2
1.0674E-1 1.20016E-1 2.24034E-1 3.25786E-1 1.84469E-1 1.85105E-1 1.86053E-1 1.73826E-1 1.63485E-1 2.79927E-1 2.01056E-1 7.08106E-1 8.8687E-1 3.17671E-1 2.91072E-1 3.86E-1 3.30432E-1 9.36853E-1 9.90159E-2 1.15189E-1
1.02991E-1 1.04326E-1 1.07578E-1 1.14655E-1 1.29116E-1 1.60687E-1 1.84291E-1 1.85151E-1 1.87127E-1 1.46771E-1 8.66548E-1 8.64516E-2 6.1004E-1 3.11753E-1 6.95949E-2 2.46153E-1 3.71635E-1 3.23907E-1 1.75144E-1 1.31798E-1
1.02383E-1 1.02566E-1 1.03038E-1 1.04143E-1 1.06779E-1 1.1422E-1 1.40422E-1 1.84317E-1 1.85677E-1 1.88798E-1 3.01128E-1 9.73634E-1 1.25035E-1 2.27561E-1 8.25917E-1 5.664E-1 5.43641E-1 9.23853E-2 4.37133E-1 1.87827E-1
1.02303E-1 1.02323E-1 1.02384E-1 1.02563E-1 1.03211E-1 1.05965E-1 1.18106E-1 1.73685E-1 1.8492E-1 1.87241E-1 1.91932E-1 1.99494E-1 4.8252E-1 2.62991E-1 2.19316E-1 8.93712E-1 2.06836E-1 1.73263E-1 7.80857E-2 1.86839E-1
1.02294E-1 1.02296E-1 1.02304E-1 1.02344E-1 1.02568E-1 1.03816E-1 1.09963E-1 1.37781E-1 1.84376E-1 1.85889E-1 1.89091E-1 1.94471E-1 2.01381E-1 2.24603E-1 4.67564E-1 6.6987E-1 2.58625E-1 5.09081E-2 1.89151E-1 1.85975E-1
