최종데이터/accident_10.asc
ncols         20
nrows         20
xllcorner     202043.92331028884
yllcorner     551161.691323056
cellsize      243.329816402587
NODATA_value  -9999
8.0535E-2 8.08835E-2 8.1509E-2 8.30057E-2 8.7126E-2 9.82669E-2 1.26373E-1 1.92264E-1 2.65464E-1 2.80122E-1 2.89809E-1 2.89856E-1 2.80337E-1 2.65904E-1 2.48425E-1 1.02245E-1 1.18515E-1 3.35838E-2 8.19508E-2 8.04679E-2
8.26937E-2 8.42232E-2 8.64157E-2 9.00932E-2 9.79587E-2 1.18215E-1 1.74765E-1 2.66219E-1 2.91965E-1 3.21658E-1 3.44044E-1 3.47729E-1 3.30786E-1 3.02354E-1 6.25511E-1 1.57162E-1 3.36083E-2 4.79177E-2 8.51399E-2 8.14823E-2
9.02122E-2 9.65491E-2 1.05443E-1 1.17916E-1 1.37011E-1 1.75106E-1 2.60896E-1 2.83539E-1 3.20729E-1 3.68024E-1 4.08521E-1 4.2099E-1 3.98013E-1 3.52804E-1 5.48401E-1 4.07398E-1 4.99078E-2 3.78059E-2 5.01622E-2 8.40495E-2
1.12565E-1 1.38091E-1 1.79462E-1 2.42525E-1 2.65486E-1 2.73892E-1 2.85486E-1 3.0727E-1 3.46731E-1 4.02999E-1 4.57913E-1 4.73192E-1 5.87715E-1 6.50508E-1 6.14836E-1 2.93958E-1 1.11605E-1 5.76729E-2 1.07844E-1 9.02229E-2
1.72111E-1 2.60903E-1 2.77914E-1 2.99399E-1 3.21567E-1 3.3817E-1 3.47055E-1 3.56135E-1 3.79181E-1 4.23077E-1 4.69937E-1 4.84958E-1 4.78032E-1 8.77903E-1 6.45477E-1 3.66305E-1 7.1089E-2 2.4202E-1 1.41529E-1 1.03707E-1
2.63819E-1 2.89385E-1 3.28396E-1 3.81761E-1 4.40188E-1 2.88666E-1 2.44218E-1 4.65466E-1 4.4489E-1 4.46852E-1 5.96945E-1 4.79657E-1 5.71435E-1 6.0049E-1 4.17883E-1 8.86098E-1 4.70997E-2 2.71893E-1 2.07115E-1 1.28782E-1
2.79619E-1 3.23007E-1 3.95071E-1 4.82431E-1 5.47854E-1 5.19455E-1 6.20502E-1 4.52186E-1 5.37309E-1 5.92369E-1 7.43182E-1 5.9454E-1 9.57813E-1 4.36348E-1 3.95616E-1 5.35644E-1 1.09475E-2 1.35823E-1 2.63309E-1 1.64219E-1
2.88101E-1 3.4536E-1 4.47615E-1 5.31974E-1 7.40206E-1 5.19635E-1 7.43229E-1 5.83233E-1 7.0278E-1 5.12951E-1 4.68938E-1 8.67707E-1 8.6386E-1 8.45175E-1 6.55894E-1 3.6227E-1 8.21559E-2 8.30671E-2 2.69223E-1 1.93216E-1
2.83769E-1 3.41488E-1 4.5037E-1 7.10821E-1 4.56156E-1 7.73126E-1 9.78135E-1 8.48007E-1 6.09643E-1 9.85483E-1 4.75813E-1 9.74144E-2 4.88494E-1 3.58504E-1 4.80809E-1 4.01726E-1 5.17873E-1 8.44749E-2 2.67347E-1 1.92035E-1
2.69556E-1 3.14229E-1 4.3837E-1 5.06019E-1 2.91629E-1 8.51425E-1 8.83363E-1 8.03507E-1 6.89234E-1 7.36119E-1 6.82452E-1 3.76232E-1 3.39805E-1 3.21439E-1 3.08648E-1 2.24168E-1 7.16197E-1 3.30601E-2 1.34611E-1 1.62392E-1
2.08943E-1 2.8082E-1 8.28664E-1 6.43893E-1 6.15359E-1 9.92414E-1 8.0592E-1 9.98984E-1 8.66768E-1 7.07619E-1 4.16116E-1 7.7584E-1 3.21321E-1 3.02583E-1 2.89557E-1 2.78775E-1 3.88723E-1 4.55693E-1 1.65115E-1 1.29937E-1
1.94421E-1 1.98141E-1 2.8644E-1 4.34849E-1 2.95556E-1 8.30897E-1 7.44752E-1 9.65712E-1 8.79734E-1 4.39757E-1 4.14204E-1 3.96422E-1 2.42086E-1 3.04021E-1 2.90144E-1 2.77019E-1 4.02074E-1 3.59824E-1 1.40433E-1 8.40383E-2
2.68431E-1 1.48317E-1 6.2337E-1 3.48557E-1 2.1611E-1 8.05896E-1 9.03294E-1 4.56345E-1 3.9999E-1 4.69757E-1 5.21051E-1 4.20463E-1 6.87917E-1 8.09017E-1 2.30355E-1 2.18005E-1 7.98669E-1 5.66319E-1 1.2771E-1 1.83023E-1
5.08195E-1 7.46808E-2 2.38162E-1 2.54091E-1 3.17733E-2 6.10972E-1 5.20067E-1 5.85138E-1 8.17402E-1 5.50696E-1 3.96018E-1 6.37852E-1 8.99928E-1 2.99693E-1 3.21328E-1 8.38013E-1 3.05322E-1 6.06244E-1 2.11629E-1 9.76468E-2
1.13364E-1 9.2384E-2 2.06217E-1 1.12058E-1 2.6402E-2 2.76341E-1 1.6204E-1 1.9285E-1 6.87523E-1 2.54305E-1 5.35649E-1 6.41907E-1 8.82193E-1 5.85122E-1 3.46395E-1 4.77549E-1 9.41475E-1 5.55016E-1 3.55263E-1 3.82822E-2
8.01317E-2 8.49651E-2 1.47665E-1 1.40604E-1 8.61173E-2 9.07493E-2 9.80623E-2 1.11446E-1 1.40476E-1 2.02536E-1 3.07725E-1 6.09828E-1 8.52993E-1 3.96597E-1 5.32411E-1 3.62245E-1 3.9374E-1 9.17241E-1 3.30782E-1 5.81286E-2
7.99464E-2 8.0013E-2 8.01724E-2 8.0505E-2 8.11325E-2 8.23162E-2 8.4855E-2 9.10887E-2 1.06982E-1 6.64723E-2 4.75748E-1 6.16331E-1 8.85025E-1 3.86482E-1 4.41306E-1 4.20882E-1 3.32154E-1 2.50649E-1 7.48261E-2 4.82792E-2
7.99158E-2 7.9925E-2 7.99487E-2 8.00039E-2 8.01336E-2 8.04851E-2 8.15822E-2 8.50363E-2 9.51036E-2 1.22275E-1 2.59596E-1 9.95788E-1 7.12267E-1 9.19487E-1 6.91812E-1 4.9204E-1 4.85819E-1 4.02161E-1 6.05112E-2 1.13171E-1
7.99117E-2 7.99128E-2 7.99158E-2 7.99249E-2 7.99574E-2 8.00939E-2 8.06607E-2 8.2747E-2 8.93731E-2 1.07967E-1 1.56121E-1 2.60294E-1 5.77921E-1 4.41222E-1 2.97093E-1 4.87899E-1 2.73822E-1 1.43129E-1 3.15108E-2 1.04521E-1
7.99113E-2 7.99114E-2 7.99118E-2 7.99138E-2 7.99251E-2 7.99877E-2 8.02866E-2 8.148E-2 8.54568E-2 9.67578E-2 1.25148E-1 1.89057E-1 2.63759E-1 2.5495E-1 4.24831E-1 7.13964E-1 3.21028E-1 2.08029E-2 1.25733E-1 9.74446E-2
