최종데이터/accident_0.asc
ncols         20
nrows         20
xllcorner     202043.92331028884
yllcorner     551161.691323056
cellsize      243.329816402587
NODATA_value  -9999
1.06066E-1 1.10098E-1 1.17653E-1 1.37463E-1 1.38868E-1 1.40088E-1 1.42699E-1 1.47278E-1 1.53662E-1 1.60344E-1 1.64744E-1 1.64765E-1 1.60442E-1 1.53863E-1 2.70633E-1 2.51132E-1 3.5117E-1 2.8994E-2 1.2324E-1 1.05305E-1
1.33125E-1 1.38527E-1 1.38786E-1 1.39206E-1 1.40056E-1 1.41998E-1 1.46208E-1 1.54007E-1 1.65722E-1 1.79151E-1 1.8925E-1 1.90911E-1 1.8327E-1 1.70428E-1 4.02376E-1 2.54691E-1 2.4565E-2 8.14831E-2 1.38636E-1 1.17322E-1
1.39219E-1 1.39908E-1 1.40811E-1 1.41972E-1 1.43558E-1 1.4623E-1 1.51573E-1 1.61897E-1 1.78732E-1 2.00069E-1 2.1841E-1 2.24089E-1 2.13637E-1 1.932E-1 6.06542E-1 3.10854E-1 6.9211E-3 8.1132E-3 5.58088E-2 1.38507E-1
1.41488E-1 1.43642E-1 1.46504E-1 1.4997E-1 1.53672E-1 1.57508E-1 1.62781E-1 1.72651E-1 1.90461E-1 2.159E-1 2.41044E-1 2.52397E-1 2.44355E-1 4.73896E-1 8.0287E-1 1.66625E-1 3.92671E-2 1.02343E-1 1.41044E-1 1.3922E-1
1.46038E-1 1.51577E-1 1.59339E-1 1.6909E-1 1.7911E-1 1.86601E-1 1.90608E-1 1.94703E-1 2.0511E-1 2.25042E-1 2.49244E-1 2.6397E-1 2.19653E-1 5.13437E-1 6.06557E-1 1.71541E-1 1.44192E-2 1.49945E-1 1.43905E-1 1.4064E-1
1.5291E-1 1.64551E-1 1.82192E-1 2.06276E-1 2.32876E-1 1.05157E-1 7.28775E-2 2.45076E-1 2.35037E-1 2.44226E-1 3.01214E-1 2.5872E-1 4.82683E-1 6.37451E-1 1.93091E-1 8.27761E-1 7.0304E-3 1.56597E-1 1.48126E-1 1.42899E-1
1.60115E-1 1.7976E-1 2.12303E-1 2.61461E-1 6.71416E-1 3.74982E-1 6.91816E-1 4.51502E-1 4.39206E-1 3.92891E-1 5.58861E-1 3.02363E-1 8.2916E-1 2.31114E-1 2.1255E-1 4.58037E-1 1.38308E-4 4.46809E-2 1.52677E-1 1.4552E-1
1.63969E-1 1.89843E-1 2.36291E-1 3.1311E-1 8.30688E-1 2.08505E-1 8.62849E-1 7.92093E-1 4.01342E-1 2.92663E-1 2.48304E-1 5.60803E-1 8.2207E-1 9.62246E-1 4.02824E-1 4.72563E-1 1.35783E-2 1.59894E-2 1.55379E-1 1.47334E-1
1.62002E-1 1.88097E-1 2.37561E-1 8.91752E-1 2.84246E-1 3.69052E-1 9.73921E-1 9.12791E-1 4.76696E-1 9.9999E-1 5.38606E-1 1.13773E-2 5.84933E-1 1.95772E-1 5.76611E-1 3.25734E-1 4.05408E-1 3.83976E-2 1.54522E-1 1.47265E-1
1.55531E-1 1.75797E-1 5.0047E-1 2.44522E-1 1.52728E-1 9.00632E-1 8.59317E-1 9.52122E-1 6.80861E-1 9.45685E-1 4.46518E-1 1.94625E-1 1.87338E-1 1.79053E-1 1.73275E-1 1.58404E-1 5.94967E-1 2.89317E-3 6.05646E-2 1.45397E-1
1.48227E-1 1.60661E-1 4.74487E-1 7.97244E-1 1.70503E-1 8.88707E-1 6.99168E-1 9.47323E-1 9.84497E-1 5.81348E-1 3.02763E-1 7.30381E-1 1.78999E-1 1.70531E-1 1.6463E-1 1.59731E-1 5.10808E-1 3.49472E-1 1.33071E-1 1.42994E-1
5.49084E-1 3.51553E-1 3.49622E-1 3.58714E-1 6.21743E-2 6.9649E-1 6.42781E-1 6.57845E-1 6.13119E-1 5.2605E-1 4.47757E-1 4.45204E-1 1.6032E-1 1.71182E-1 1.64896E-1 1.58932E-1 6.80502E-1 5.9738E-1 3.47352E-1 1.38249E-1
9.14423E-1 3.2746E-1 4.95506E-1 4.67105E-1 1.51086E-1 4.12667E-1 7.81352E-1 5.5196E-1 2.98685E-1 4.85936E-1 2.54138E-1 2.21933E-1 6.25009E-1 8.28969E-1 1.61741E-1 1.55065E-1 4.64216E-1 2.86506E-1 8.30591E-2 2.55804E-1
6.98527E-1 7.31953E-2 4.81574E-1 4.93255E-1 3.02028E-3 8.45797E-1 6.13702E-1 7.56827E-1 4.03636E-1 5.6434E-1 2.53126E-1 4.16248E-1 9.71546E-1 2.70484E-1 1.79002E-1 7.3045E-1 3.5312E-1 8.22518E-1 1.88082E-1 1.8883E-1
2.3657E-1 1.95834E-1 5.54816E-1 3.71624E-1 5.88296E-3 3.21538E-1 1.88214E-1 2.38867E-1 5.59744E-1 4.6636E-1 3.55163E-1 4.3922E-1 6.43492E-1 6.26849E-1 3.07041E-1 3.83997E-1 9.90521E-1 2.51344E-1 3.95399E-1 2.42101E-2
1.01555E-1 1.63881E-1 2.01381E-1 5.01493E-1 1.38751E-1 1.39279E-1 1.40067E-1 1.29834E-1 1.21245E-1 7.18261E-2 2.85971E-1 4.79966E-1 9.62895E-1 3.22481E-1 3.14066E-1 4.49486E-1 3.3202E-1 8.15024E-1 1.73442E-1 3.16324E-2
9.95351E-2 1.00257E-1 1.02002E-1 1.05725E-1 1.13057E-1 1.28025E-1 1.38602E-1 1.39317E-1 1.40961E-1 3.58505E-2 5.08616E-1 6.14622E-1 5.70518E-1 3.16057E-1 4.19939E-1 3.23225E-1 5.06481E-1 1.2941E-1 7.36245E-2 2.72195E-2
9.92045E-2 9.93045E-2 9.95604E-2 1.00159E-1 1.01575E-1 1.05499E-1 1.18564E-1 1.38624E-1 1.39755E-1 1.42352E-1 2.49786E-1 3.69793E-1 7.87175E-1 5.4724E-1 8.31956E-1 8.87729E-1 5.77671E-1 3.36177E-1 3.13845E-2 1.41543E-1
9.9161E-2 9.91724E-2 9.92051E-2 9.93028E-2 9.96542E-2 1.0114E-1 1.07507E-1 1.33858E-1 1.39125E-1 1.41055E-1 1.44967E-1 1.51298E-1 4.10917E-1 3.78647E-1 1.68046E-1 6.2606E-1 1.57476E-1 5.78569E-2 1.61435E-2 1.40721E-1
9.91564E-2 9.91576E-2 9.91619E-2 9.91833E-2 9.93054E-2 9.99819E-2 1.03268E-1 1.17293E-1 1.38673E-1 1.3993E-1 1.42597E-1 1.47088E-1 1.52883E-1 2.35568E-1 5.12329E-1 3.39579E-1 1.88554E-1 3.83694E-3 1.42646E-1 1.40002E-1
