최종데이터/accident_stddev.asc
ncols         20
nrows         20
xllcorner     202043.92331028884
yllcorner     551161.691323056
cellsize      243.329816402587
NODATA_value  -9999
4.85818E-2 5.67378E-2 6.07009E-2 6.85383E-2 6.57043E-2 6.92847E-2 6.73431E-2 6.90716E-2 6.77929E-2 6.66907E-2 6.64003E-2 6.63999E-2 6.668E-2 6.77508E-2 7.99602E-2 9.29117E-2 1.07509E-1 5.75182E-2 6.21368E-2 4.72162E-2
6.61497E-2 6.80276E-2 6.62326E-2 6.40109E-2 6.8722E-2 6.78128E-2 6.74197E-2 6.77209E-2 6.63949E-2 6.91242E-2 7.59067E-2 7.71187E-2 7.14681E-2 6.67201E-2 1.93079E-1 1.56641E-1 5.7266E-2 6.72356E-2 6.725E-2 6.06333E-2
6.3967E-2 6.65539E-2 6.88392E-2 6.7831E-2 6.68498E-2 6.74434E-2 6.83439E-2 6.65417E-2 6.89495E-2 8.45185E-2 9.54278E-2 9.6388E-2 9.4805E-2 7.8893E-2 1.31764E-1 1.22212E-1 6.85733E-2 4.72191E-2 6.70543E-2 6.81877E-2
6.82041E-2 6.68129E-2 6.77754E-2 6.85994E-2 6.77908E-2 6.70763E-2 6.64787E-2 6.70969E-2 7.67839E-2 9.50793E-2 1.00324E-1 1.01354E-1 1.6509E-1 1.66514E-1 1.20013E-1 6.64111E-2 9.40966E-2 7.52863E-2 6.86079E-2 6.39632E-2
6.72474E-2 6.83429E-2 6.68115E-2 6.65651E-2 6.91067E-2 7.38713E-2 7.68923E-2 8.012E-2 8.85457E-2 9.65721E-2 1.01497E-1 1.32746E-1 1.19321E-1 1.97037E-1 2.00403E-1 1.18136E-1 3.68836E-2 6.86021E-2 6.67148E-2 6.90169E-2
6.79801E-2 6.6404E-2 7.07579E-2 8.94971E-2 9.8285E-2 1.23875E-1 1.20682E-1 1.01418E-1 9.87881E-2 1.1559E-1 1.81858E-1 1.01125E-1 1.70449E-1 1.144E-1 1.81105E-1 2.75503E-1 1.15051E-1 6.72278E-2 6.9036E-2 6.72205E-2
6.67166E-2 6.93887E-2 9.45676E-2 1.01049E-1 1.19636E-1 1.67087E-1 1.19166E-1 1.14663E-1 1.10801E-1 1.38486E-1 2.32437E-1 2.01555E-1 2.87451E-1 9.7895E-2 9.46867E-2 1.65146E-1 9.64116E-2 7.34974E-2 6.80419E-2 6.68566E-2
6.64208E-2 7.6332E-2 9.90923E-2 1.02222E-1 1.29539E-1 2.77969E-1 1.51061E-1 1.39409E-1 1.61575E-1 1.01184E-1 1.01501E-1 1.77531E-1 1.27181E-1 1.2929E-1 1.66723E-1 1.67764E-1 1.22811E-1 6.26415E-2 6.74489E-2 6.91868E-2
6.65334E-2 7.50506E-2 9.94092E-2 1.1114E-1 1.82979E-1 1.9934E-1 1.28957E-1 1.18324E-1 1.12545E-1 1.71605E-1 1.52896E-1 1.26939E-1 1.76761E-1 8.10208E-2 1.48492E-1 8.03364E-2 1.65796E-1 7.2724E-2 6.76161E-2 6.90443E-2
6.74202E-2 6.78992E-2 9.94413E-2 1.20572E-1 2.13867E-1 1.48887E-1 1.69826E-1 1.25383E-1 1.43814E-1 9.1298E-2 1.16501E-1 1.24696E-1 7.44449E-2 6.90825E-2 6.72302E-2 8.57268E-2 1.99279E-1 4.29636E-2 6.88109E-2 6.67919E-2
6.90183E-2 6.66565E-2 1.04872E-1 1.67749E-1 2.18622E-1 1.63641E-1 1.33799E-1 7.63528E-2 1.12972E-1 1.41087E-1 1.22615E-1 1.4069E-1 6.90601E-2 6.67344E-2 6.64024E-2 6.67622E-2 1.48372E-1 1.29563E-1 7.29727E-2 6.71601E-2
1.35907E-1 1.03328E-1 1.81957E-1 1.17097E-1 3.06084E-1 1.71265E-1 1.41666E-1 1.65079E-1 2.27545E-1 1.05647E-1 1.19135E-1 1.30873E-1 1.29738E-1 6.68309E-2 6.63979E-2 6.68655E-2 1.29123E-1 1.16514E-1 1.58115E-1 1.51428E-1
1.57367E-1 1.33367E-1 2.3334E-1 1.34844E-1 1.65271E-1 1.80217E-1 9.80231E-2 1.76858E-1 9.19522E-2 1.68508E-1 1.93542E-1 1.24941E-1 1.74926E-1 1.17435E-1 8.65783E-2 8.51514E-2 1.8903E-1 1.49816E-1 8.6315E-2 1.34162E-1
2.90605E-1 9.57424E-2 1.43272E-1 1.30289E-1 4.49353E-2 1.51559E-1 1.35007E-1 1.88703E-1 2.39678E-1 1.63146E-1 1.82338E-1 1.68487E-1 1.77855E-1 1.50092E-1 6.90613E-2 1.62347E-1 1.11678E-1 2.19557E-1 1.7589E-1 1.22837E-1
1.99603E-1 9.85941E-2 2.12478E-1 1.19508E-1 1.41741E-1 2.4428E-1 8.41943E-2 1.23219E-1 1.70851E-1 1.03967E-1 1.92703E-1 1.44462E-1 1.81E-1 1.81523E-1 8.75266E-2 1.89307E-1 4.97242E-2 2.0912E-1 2.15584E-1 4.37891E-2
4.13631E-2 7.51903E-2 1.85447E-1 1.97303E-1 6.64636E-2 6.37991E-2 6.89077E-2 9.62415E-2 9.62026E-2 2.08674E-1 1.16657E-1 1.40817E-1 1.18729E-1 7.95047E-2 1.25607E-1 1.01594E-1 1.14604E-1 9.81247E-2 1.93152E-1 5.03755E-2
3.88419E-2 3.96916E-2 4.19822E-2 4.79626E-2 5.99251E-2 6.3835E-2 6.7486E-2 6.37203E-2 6.86889E-2 8.62871E-2 1.60231E-1 1.595E-1 1.17086E-1 7.83569E-2 1.30727E-1 1.33981E-1 1.60056E-1 1.21492E-1 6.37892E-2 7.86664E-2
3.84725E-2 3.85829E-2 3.88707E-2 3.95718E-2 4.13909E-2 4.75585E-2 6.08967E-2 6.73355E-2 6.4936E-2 6.7595E-2 1.10827E-1 2.16076E-1 1.67989E-1 1.97724E-1 1.33017E-1 1.81137E-1 1.69473E-1 2.10346E-1 1.04797E-1 6.81573E-2
3.84248E-2 3.84373E-2 3.84731E-2 3.85811E-2 3.8978E-2 4.08081E-2 5.13225E-2 6.6526E-2 6.43232E-2 6.85966E-2 6.66425E-2 6.84215E-2 1.84529E-1 1.3366E-1 6.64796E-2 1.48534E-1 6.70814E-2 9.62971E-2 4.64932E-2 6.89324E-2
3.84198E-2 3.84211E-2 3.84258E-2 3.84492E-2 3.8584E-2 3.93606E-2 4.38516E-2 6.06275E-2 6.69907E-2 6.68341E-2 6.74127E-2 6.87024E-2 6.79873E-2 1.16836E-1 1.32469E-1 1.67214E-1 9.8589E-2 3.76279E-2 6.73788E-2 6.78553E-2
