최종데이터/accident_26.asc
ncols         20
nrows         20
xllcorner     202043.92331028884
yllcorner     551161.691323056
cellsize      243.329816402587
NODATA_value  -9999
1.09084E-1 1.11675E-1 1.16441E-1 1.28469E-1 1.66343E-1 2.90135E-1 2.92007E-1 2.92908E-1 2.94126E-1 2.95356E-1 2.96144E-1 2.96147E-1 2.95374E-1 2.94164E-1 4.07972E-1 4.20459E-1 3.6801E-1 9.85338E-2 1.19899E-1 1.08591E-1
1.25888E-1 1.38918E-1 1.59299E-1 1.9818E-1 2.87694E-1 2.91867E-1 2.927E-1 2.94191E-1 2.96316E-1 2.98606E-1 3.00238E-1 3.005E-1 2.99281E-1 2.97136E-1 9.48642E-1 3.87481E-1 2.00268E-1 1.2928E-1 1.47191E-1 1.16235E-1
1.99539E-1 2.76642E-1 2.91629E-1 2.91862E-1 2.92178E-1 2.92704E-1 2.93732E-1 2.95636E-1 2.98537E-1 3.01911E-1 3.0459E-1 3.05384E-1 3.0391E-1 3.00858E-1 5.69672E-1 4.80139E-1 1.16595E-1 2.91378E-2 2.0716E-1 1.3739E-1
2.91765E-1 2.92195E-1 2.92758E-1 2.93427E-1 2.94128E-1 2.94839E-1 2.95795E-1 2.97516E-1 3.00429E-1 3.04234E-1 3.07665E-1 3.09126E-1 2.9196E-1 4.22325E-1 7.2444E-1 2.96475E-1 2.09051E-1 3.20411E-1 2.91676E-1 1.99662E-1
2.92667E-1 2.93733E-1 2.95174E-1 2.96905E-1 2.986E-1 2.99817E-1 3.00452E-1 3.01091E-1 3.02666E-1 3.05515E-1 3.08725E-1 3.10565E-1 3.09791E-1 5.33104E-1 4.87237E-1 4.16351E-1 6.27919E-2 2.93422E-1 2.92247E-1 2.91594E-1
2.93985E-1 2.9611E-1 2.99105E-1 3.02839E-1 3.06582E-1 2.87644E-1 2.30642E-1 3.0819E-1 3.06871E-1 3.06992E-1 4.28078E-1 3.09918E-1 4.32884E-1 6.60616E-1 4.78594E-1 8.27659E-1 9.01956E-2 2.94672E-1 2.93073E-1 2.92047E-1
2.95315E-1 2.98707E-1 3.03718E-1 3.10257E-1 2.44048E-1 6.4791E-1 3.41253E-1 2.85957E-1 2.41848E-1 6.05625E-1 3.08843E-1 3.08235E-1 9.56456E-1 3.06344E-1 3.03754E-1 8.63906E-1 5.69619E-3 2.19915E-1 2.93941E-1 2.92565E-1
2.96006E-1 3.00332E-1 3.07038E-1 3.16214E-1 3.55308E-1 1.70722E-1 4.20784E-1 4.70028E-1 4.48248E-1 3.13945E-1 3.08605E-1 8.09127E-1 6.94797E-1 6.61716E-1 9.11268E-1 4.57131E-1 3.85783E-2 1.17299E-1 2.94446E-1 2.92919E-1
2.95655E-1 3.00056E-1 3.07207E-1 5.36543E-1 4.68784E-1 6.42417E-1 6.54919E-1 5.66166E-1 2.77493E-1 4.11996E-1 5.12E-1 1.587E-1 4.42246E-1 3.01256E-1 4.84222E-1 4.15439E-1 6.5573E-1 2.4055E-1 2.94287E-1 2.92906E-1
2.94474E-1 2.98048E-1 3.82972E-1 3.13186E-1 3.08156E-1 7.73605E-1 4.05977E-1 6.00217E-1 3.84808E-1 7.46559E-1 7.88681E-1 3.02485E-1 2.99935E-1 2.9859E-1 2.97622E-1 3.4088E-1 6.02358E-1 2.07717E-2 1.61021E-1 2.92541E-1
2.93092E-1 2.95414E-1 8.99322E-1 8.05917E-1 8.42359E-1 9.98142E-1 6.2908E-1 9.22114E-1 6.13892E-1 5.91177E-1 4.17259E-1 8.47513E-1 2.98581E-1 2.97153E-1 2.96123E-1 2.95245E-1 6.96387E-1 4.08768E-1 1.75139E-1 2.92066E-1
5.0114E-1 4.21486E-1 6.46042E-1 3.56852E-1 1.40601E-1 6.67003E-1 5.30562E-1 9.99933E-1 7.492E-1 2.351E-1 3.19723E-1 5.76611E-1 3.42813E-1 2.97265E-1 2.96171E-1 2.951E-1 3.77874E-1 5.02679E-1 5.40505E-1 5.59909E-1
5.44668E-1 5.63954E-1 9.32019E-1 3.68095E-1 2.93518E-1 7.44094E-1 7.8289E-1 1.15136E-1 2.32241E-1 6.51857E-1 4.17884E-1 3.58154E-1 8.87234E-1 8.01144E-1 3.41554E-1 3.40194E-1 9.56964E-1 4.25885E-1 2.9482E-1 2.24135E-1
4.78303E-1 2.20439E-1 7.15845E-1 4.77567E-1 5.51563E-2 6.15866E-1 4.77476E-1 2.7225E-1 9.78185E-1 8.39778E-1 7.4616E-1 7.78218E-1 4.37385E-1 3.51264E-1 2.98582E-1 4.97113E-1 2.6257E-1 8.59618E-1 4.64401E-1 4.20741E-1
2.99065E-1 1.93686E-1 7.43599E-1 5.09528E-1 9.32841E-2 9.77456E-1 2.24747E-1 4.21617E-1 5.07843E-1 3.68025E-1 8.01083E-1 7.94862E-1 7.65035E-1 4.56517E-1 2.29744E-1 7.33019E-1 8.12206E-1 6.97691E-1 2.58539E-1 1.76517E-1
1.06145E-1 1.4285E-1 3.06116E-1 1.96824E-1 1.56405E-1 2.05752E-1 2.88514E-1 2.91746E-1 2.92235E-1 7.5515E-1 5.82908E-1 5.84621E-1 7.29791E-1 4.15024E-1 5.595E-1 5.70558E-1 3.53918E-1 6.81051E-1 4.74801E-1 1.90552E-1
1.04814E-1 1.05291E-1 1.06438E-1 1.08864E-1 1.13554E-1 1.22817E-1 1.44582E-1 2.09745E-1 2.91659E-1 2.17157E-1 7.31245E-1 5.98808E-1 8.6979E-1 4.14196E-1 3.76082E-1 4.13779E-1 5.67709E-1 4.66059E-1 2.24741E-1 1.85914E-1
1.04595E-1 1.04661E-1 1.04831E-1 1.05226E-1 1.06158E-1 1.08717E-1 1.17009E-1 1.46239E-1 2.60945E-1 2.91938E-1 4.07914E-1 9.95297E-1 8.13973E-1 9.57848E-1 6.4491E-1 8.05403E-1 8.56729E-1 8.85159E-1 2.06295E-1 2.91776E-1
1.04566E-1 1.04574E-1 1.04595E-1 1.0466E-1 1.04893E-1 1.05872E-1 1.10014E-1 1.26326E-1 1.90093E-1 2.91678E-1 2.92456E-1 2.9368E-1 4.99623E-1 5.71713E-1 2.96723E-1 7.34485E-1 2.94834E-1 2.07255E-1 6.18376E-2 2.91611E-1
1.04563E-1 1.04564E-1 1.04567E-1 1.04581E-1 1.04662E-1 1.05109E-1 1.07266E-1 1.16217E-1 1.50135E-1 2.78267E-1 2.91987E-1 2.92871E-1 2.9398E-1 4.24207E-1 4.77639E-1 8.51346E-1 4.09757E-1 2.91357E-2 2.91997E-1 2.83641E-1
