최종데이터/accident_16.asc
ncols         20
nrows         20
xllcorner     202043.92331028884
yllcorner     551161.691323056
cellsize      243.329816402587
NODATA_value  -9999
1.12605E-1 1.12641E-1 1.12706E-1 1.12858E-1 1.13265E-1 1.14287E-1 1.16475E-1 1.20315E-1 1.25678E-1 1.31302E-1 1.35012E-1 1.3503E-1 1.31385E-1 1.25847E-1 1.34656E-1 3.62887E-1 2.92461E-1 7.39341E-2 1.12751E-1 1.12598E-1
1.12827E-1 1.1298E-1 1.13196E-1 1.13548E-1 1.1426E-1 1.15887E-1 1.19417E-1 1.25968E-1 1.35837E-1 1.47193E-1 1.55761E-1 1.57174E-1 1.50685E-1 1.39811E-1 7.04928E-1 3.80674E-1 9.02776E-2 1.18273E-1 1.13071E-1 1.12703E-1
1.13559E-1 1.14136E-1 1.14893E-1 1.15865E-1 1.17194E-1 1.19435E-1 1.23922E-1 1.32611E-1 1.46837E-1 1.64969E-1 1.80646E-1 1.85517E-1 1.76559E-1 1.5912E-1 5.24481E-1 1.75645E-1 4.5389E-2 3.0003E-2 1.06026E-1 1.12963E-1
1.15459E-1 1.17265E-1 1.19665E-1 1.22575E-1 1.25687E-1 1.28914E-1 1.33357E-1 1.41691E-1 1.56791E-1 1.78496E-1 2.00107E-1 2.09918E-1 2.28745E-1 2.40901E-1 7.82042E-1 1.366E-1 3.16873E-1 2.89014E-1 1.15087E-1 1.1356E-1
1.19275E-1 1.23925E-1 1.30456E-1 1.38681E-1 1.47158E-1 1.53511E-1 1.56915E-1 1.60399E-1 1.69269E-1 1.86335E-1 2.0719E-1 2.19952E-1 2.14514E-1 6.44234E-1 3.17179E-1 1.6119E-1 6.64235E-2 1.22554E-1 1.17486E-1 1.1475E-1
1.25046E-1 1.3485E-1 1.4977E-1 1.70265E-1 1.9307E-1 1.96231E-1 1.62364E-1 2.03588E-1 1.9493E-1 1.95708E-1 2.52548E-1 2.15396E-1 6.85509E-1 7.48637E-1 2.89762E-1 8.61931E-1 1.35525E-1 1.28147E-1 1.21027E-1 1.16642E-1
1.31109E-1 1.47708E-1 1.75417E-1 2.17774E-1 3.95882E-1 6.9486E-1 6.6062E-1 5.02076E-1 3.62991E-1 5.97535E-1 3.1313E-1 2.31823E-1 9.04244E-1 1.91554E-1 1.75628E-1 7.91643E-1 8.80761E-3 1.00959E-1 1.2485E-1 1.1884E-1
1.34358E-1 1.56266E-1 1.96011E-1 2.62943E-1 5.47328E-1 3.64282E-1 8.24425E-1 8.52182E-1 3.30473E-1 2.44978E-1 2.06377E-1 8.42605E-1 8.26864E-1 8.90425E-1 7.45791E-1 4.68573E-1 5.88533E-2 5.80374E-2 1.27122E-1 1.20362E-1
1.32699E-1 1.54782E-1 1.97104E-1 6.40702E-1 8.56703E-1 6.90161E-1 8.97746E-1 8.55208E-1 6.21373E-1 8.76219E-1 6.69804E-1 1.48006E-1 6.00448E-1 1.61308E-1 2.2491E-1 1.65628E-1 6.46341E-1 1.88571E-1 1.26401E-1 1.20304E-1
1.2725E-1 1.44352E-1 4.25775E-1 2.39179E-1 3.95834E-1 9.32764E-1 6.95504E-1 9.49476E-1 4.51647E-1 9.15373E-1 7.50211E-1 1.6823E-1 1.54137E-1 1.47109E-1 1.42218E-1 1.73878E-1 4.99149E-1 2.54353E-2 6.64759E-2 1.18737E-1
1.21112E-1 1.3157E-1 7.30013E-1 6.94402E-1 6.65444E-1 9.98955E-1 8.49623E-1 9.94661E-1 8.66137E-1 7.34303E-1 5.31336E-1 8.65733E-1 1.47064E-1 1.39899E-1 1.34915E-1 1.30786E-1 4.45563E-1 1.67814E-1 6.93424E-2 1.16721E-1
3.45522E-1 3.79039E-1 4.96228E-1 2.5343E-1 9.26046E-2 8.85212E-1 6.40094E-1 9.71371E-1 8.76493E-1 2.85814E-1 4.04648E-1 4.77619E-1 1.84565E-1 1.40449E-1 1.3514E-1 1.30113E-1 2.76831E-1 3.84465E-1 5.44712E-1 3.88397E-1
5.15269E-1 4.19631E-1 6.67358E-1 3.41645E-1 3.55392E-1 6.84597E-1 8.99046E-1 1.10639E-1 2.4983E-1 6.07961E-1 1.94999E-1 2.54532E-1 8.28062E-1 8.50233E-1 1.77547E-1 1.70208E-1 8.36541E-1 4.22895E-1 1.15784E-1 2.04285E-1
8.75765E-1 1.11104E-1 4.81294E-1 2.24286E-1 2.66208E-2 7.03349E-1 2.17001E-1 3.7439E-1 7.71417E-1 7.44396E-1 4.33409E-1 6.64065E-1 6.4667E-1 1.66954E-1 1.47066E-1 6.03486E-1 2.61732E-1 8.99205E-1 1.90141E-1 3.61533E-1
4.87098E-1 3.60343E-1 6.86938E-1 4.13968E-1 1.17996E-1 4.98655E-1 1.821E-1 3.78074E-1 2.38992E-1 2.69932E-1 6.70803E-1 6.35022E-1 9.28877E-1 5.0678E-1 2.28415E-1 7.3776E-1 9.91755E-1 6.94323E-1 2.28725E-1 1.18765E-1
1.12563E-1 2.85431E-1 4.94152E-1 4.87463E-1 1.13167E-1 1.1361E-1 1.14269E-1 1.1538E-1 1.17433E-1 3.33241E-1 3.94686E-1 4.7315E-1 9.70341E-1 1.6376E-1 1.83994E-1 4.97644E-1 2.32911E-1 8.61244E-1 2.84062E-1 1.30788E-1
1.12544E-1 1.12551E-1 1.12568E-1 1.12602E-1 1.12667E-1 1.12788E-1 1.13043E-1 1.13641E-1 1.15018E-1 8.88428E-2 7.08615E-1 3.80246E-1 6.44494E-1 1.60087E-1 3.51888E-1 1.76371E-1 6.03748E-1 1.88362E-1 2.02475E-1 7.59558E-2
1.12541E-1 1.12542E-1 1.12544E-1 1.1255E-1 1.12564E-1 1.126E-1 1.12713E-1 1.13061E-1 1.14008E-1 1.16184E-1 1.43388E-1 8.54253E-1 7.42707E-1 6.05945E-1 7.02728E-1 5.68402E-1 6.73208E-1 5.93394E-1 2.23924E-1 1.15506E-1
1.1254E-1 1.12541E-1 1.12541E-1 1.12542E-1 1.12545E-1 1.12559E-1 1.12618E-1 1.12832E-1 1.1348E-1 1.15097E-1 1.18376E-1 1.2369E-1 3.36808E-1 4.7761E-1 1.37799E-1 7.53022E-1 1.28887E-1 2.10618E-1 5.90009E-2 1.14817E-1
1.1254E-1 1.1254E-1 1.1254E-1 1.12541E-1 1.12542E-1 1.12548E-1 1.12579E-1 1.12703E-1 1.13102E-1 1.14155E-1 1.16389E-1 1.20156E-1 1.25023E-1 3.9936E-1 2.03674E-1 5.77648E-1 1.39095E-1 3.09485E-2 1.1643E-1 1.14215E-1
