최종데이터/accident_20.asc
ncols         20
nrows         20
xllcorner     202043.92331028884
yllcorner     551161.691323056
cellsize      243.329816402587
NODATA_value  -9999
8.85348E-2 8.9135E-2 9.02159E-2 9.28196E-2 1.00115E-1 1.20733E-1 1.77808E-1 3.31005E-1 3.39912E-1 3.4611E-1 3.50107E-1 3.50126E-1 3.46199E-1 3.40101E-1 4.03396E-1 2.28069E-1 1.27231E-1 6.83432E-2 9.09817E-2 8.84196E-2
9.22748E-2 9.4956E-2 9.88443E-2 1.05482E-1 1.20146E-1 1.6057E-1 2.88518E-1 3.40236E-1 3.50987E-1 3.62768E-1 3.71285E-1 3.72661E-1 3.66276E-1 3.55178E-1 7.45181E-1 6.15744E-1 1.52422E-1 5.47881E-2 9.65753E-2 9.01696E-2
1.05699E-1 1.17473E-1 1.34657E-1 1.59947E-1 2.01005E-1 2.89337E-1 3.37941E-1 3.47528E-1 3.62408E-1 3.80118E-1 3.94472E-1 3.98774E-1 3.90807E-1 3.74544E-1 6.35334E-1 4.12209E-1 1.55218E-1 2.31749E-2 1.02948E-1 9.46501E-2
1.48937E-1 2.03403E-1 2.99833E-1 3.36418E-1 3.39922E-1 3.43498E-1 3.48332E-1 3.57134E-1 3.72289E-1 3.92551E-1 4.11252E-1 4.19329E-1 4.63078E-1 5.93247E-1 8.94118E-1 3.51797E-1 3.81189E-1 2.55625E-1 1.39421E-1 1.05719E-1
2.82156E-1 3.37945E-1 3.45188E-1 3.53994E-1 3.62732E-1 3.69078E-1 3.7241E-1 3.75773E-1 3.84137E-1 3.99489E-1 4.17108E-1 3.92371E-1 4.23437E-1 7.42751E-1 8.10215E-1 4.23113E-1 8.88816E-2 3.36394E-1 2.11083E-1 1.31245E-1
3.39204E-1 3.49934E-1 3.65362E-1 3.85059E-1 4.05306E-1 3.99141E-1 3.44778E-1 4.14145E-1 4.06891E-1 4.07551E-1 4.5982E-1 4.23739E-1 6.405E-1 8.16914E-1 7.11228E-1 9.67004E-1 1.89045E-1 3.42654E-1 3.34654E-1 1.82993E-1
3.459E-1 3.63289E-1 3.89774E-1 4.25631E-1 3.2231E-1 5.10129E-1 5.60803E-1 4.03915E-1 2.99856E-1 4.37386E-1 2.62401E-1 4.4536E-1 7.43645E-1 4.04008E-1 3.89965E-1 8.49685E-1 2.23102E-2 2.81998E-1 3.38985E-1 2.634E-1
3.49408E-1 3.71777E-1 4.07807E-1 4.5942E-1 4.2898E-1 4.78329E-1 6.07967E-1 6.83126E-1 4.2023E-1 4.46438E-1 4.16442E-1 9.05479E-1 8.47802E-1 9.36109E-1 6.82185E-1 4.81433E-1 9.2289E-2 1.81099E-1 3.41519E-1 3.33339E-1
3.47623E-1 3.70327E-1 4.08731E-1 5.68024E-1 7.41864E-1 6.5284E-1 7.69958E-1 7.02754E-1 4.50679E-1 6.59143E-1 6.53555E-1 1.83479E-1 5.21149E-1 3.76644E-1 5.26663E-1 4.37376E-1 6.23098E-1 2.0233E-1 3.40719E-1 3.30445E-1
3.41661E-1 3.59876E-1 3.99612E-1 4.42539E-1 5.69318E-1 7.63418E-1 7.24574E-1 8.64553E-1 6.50548E-1 9.03204E-1 7.01397E-1 3.99509E-1 3.69694E-1 3.62683E-1 3.5768E-1 4.40326E-1 5.78525E-1 4.34356E-2 2.08617E-1 2.59094E-1
3.34751E-1 3.464E-1 6.79433E-1 7.00316E-1 4.35904E-1 9.99696E-1 5.92675E-1 9.43719E-1 8.3401E-1 6.77508E-1 4.884E-1 7.73214E-1 3.62637E-1 3.55269E-1 3.50004E-1 3.45548E-1 4.6682E-1 5.23274E-1 1.96188E-1 1.85494E-1
2.7033E-1 4.35984E-1 4.84363E-1 4.76365E-1 3.06037E-1 9.53502E-1 6.50361E-1 8.57294E-1 8.48097E-1 2.74384E-1 4.39034E-1 4.38819E-1 4.68624E-1 3.55843E-1 3.50244E-1 3.44813E-1 3.63281E-1 5.2644E-1 4.4174E-1 1.72191E-1
3.3757E-1 3.19141E-1 8.79697E-1 5.24326E-1 4.88991E-1 7.727E-1 8.8958E-1 1.42324E-1 2.48246E-1 6.75729E-1 4.83926E-1 4.48474E-1 9.42026E-1 9.40867E-1 4.43914E-1 4.36684E-1 9.09003E-1 5.11363E-1 2.16005E-1 1.15572E-1
7.74457E-1 1.05036E-1 2.75204E-1 3.60004E-1 9.47073E-2 7.94038E-1 6.1083E-1 3.97771E-1 6.93327E-1 8.13977E-1 3.98637E-1 7.54137E-1 8.32709E-1 4.90761E-1 3.6264E-1 6.77006E-1 3.46393E-1 8.44715E-1 4.57635E-1 2.09026E-1
1.40276E-1 1.28583E-1 4.30002E-1 2.09049E-1 9.23599E-2 2.20161E-1 1.51976E-1 4.48769E-1 2.7474E-1 3.09991E-1 7.31384E-1 7.49068E-1 9.18553E-1 3.81409E-1 2.50517E-1 6.97535E-1 9.80844E-1 7.82126E-1 4.51674E-1 7.31186E-2
8.78421E-2 8.32369E-2 1.67165E-1 1.63861E-1 9.83121E-2 1.06681E-1 1.20344E-1 1.54345E-1 2.09464E-1 4.49976E-1 3.38493E-1 4.76353E-1 9.34839E-1 4.35455E-1 4.6266E-1 5.77568E-1 4.60716E-1 8.83444E-1 7.01812E-1 8.36458E-2
8.75243E-2 8.76386E-2 8.79119E-2 8.84833E-2 8.95648E-2 9.1617E-2 9.6071E-2 1.07303E-1 1.37706E-1 1.86344E-1 8.80463E-1 3.55899E-1 7.07472E-1 4.31633E-1 5.07513E-1 3.99005E-1 6.78389E-1 5.24846E-1 2.42574E-1 1.25383E-1
8.74718E-2 8.74877E-2 8.75283E-2 8.7623E-2 8.78453E-2 8.8449E-2 9.03425E-2 9.63919E-2 1.14752E-1 1.69084E-1 4.62286E-1 9.9628E-1 7.3375E-1 5.19212E-1 8.91537E-1 5.24129E-1 7.33233E-1 5.23887E-1 2.42557E-1 1.50171E-1
8.74649E-2 8.74667E-2 8.74719E-2 8.74875E-2 8.75432E-2 8.77772E-2 8.87513E-2 9.23678E-2 1.04171E-1 1.39667E-1 2.44429E-1 3.3768E-1 3.48288E-1 4.65715E-1 3.53065E-1 8.72092E-1 3.43469E-1 2.70781E-1 5.1729E-2 1.32842E-1
8.74642E-2 8.74644E-2 8.74651E-2 8.74685E-2 8.74879E-2 8.75951E-2 8.81079E-2 9.01656E-2 9.71374E-2 1.17867E-1 1.75187E-1 3.23157E-1 3.39179E-1 4.35335E-1 5.86286E-1 5.29167E-1 4.07376E-1 4.43377E-2 1.76439E-1 1.19169E-1
