최종데이터/accident_21.asc
ncols         20
nrows         20
xllcorner     202043.92331028884
yllcorner     551161.691323056
cellsize      243.329816402587
NODATA_value  -9999
1.87599E-1 2.02832E-1 2.06223E-1 2.06556E-1 2.07446E-1 2.0968E-1 2.14469E-1 2.22895E-1 2.34697E-1 2.47109E-1 2.5531E-1 2.5535E-1 2.47291E-1 2.3507E-1 2.72293E-1 2.23174E-1 3.61908E-1 1.62554E-1 2.06322E-1 1.8478E-1
2.06487E-1 2.06823E-1 2.07295E-1 2.08064E-1 2.09621E-1 2.13182E-1 2.20923E-1 2.35337E-1 2.57136E-1 2.8229E-1 3.01279E-1 3.04408E-1 2.90029E-1 2.65934E-1 4.3573E-1 2.28228E-1 9.27324E-2 1.73161E-1 2.07022E-1 2.06217E-1
2.08089E-1 2.0935E-1 2.11005E-1 2.13133E-1 2.16046E-1 2.20963E-1 2.30829E-1 2.50001E-1 2.81502E-1 3.21661E-1 3.55244E-1 3.64989E-1 3.47034E-1 3.08719E-1 2.53554E-1 5.43106E-1 1.29137E-1 5.64705E-2 2.00322E-1 2.06785E-1
2.12245E-1 2.162E-1 2.21468E-1 2.27864E-1 2.34716E-1 2.41834E-1 2.5165E-1 2.70097E-1 3.0356E-1 3.50929E-1 3.93893E-1 4.13068E-1 2.79381E-1 3.21177E-1 7.46617E-1 2.58823E-1 2.16987E-1 1.95285E-1 2.11431E-1 2.08091E-1
2.2061E-1 2.30835E-1 2.45239E-1 2.63431E-1 2.82212E-1 2.96294E-1 3.03836E-1 3.1155E-1 3.31161E-1 3.66621E-1 4.07759E-1 6.46702E-1 4.03728E-1 1.95443E-1 5.69214E-1 3.23671E-1 7.94181E-2 2.27819E-1 2.16685E-1 2.10692E-1
2.33304E-1 2.54951E-1 2.88002E-1 3.3336E-1 3.80006E-1 3.98756E-1 3.6362E-1 4.0072E-1 3.83688E-1 2.44742E-1 8.99475E-1 4.23679E-1 2.92687E-1 4.56312E-1 2.42385E-1 3.71183E-1 1.22063E-1 2.40141E-1 2.2446E-1 2.14836E-1
2.46683E-1 2.83433E-1 3.44715E-1 4.28261E-1 5.47377E-1 8.37994E-1 5.77999E-1 3.73651E-1 4.77747E-1 6.25991E-1 3.51056E-1 6.86151E-1 7.53449E-1 3.77001E-1 3.45161E-1 3.63257E-1 5.79731E-2 2.15545E-1 2.32872E-1 2.19656E-1
2.53864E-1 3.02397E-1 3.85822E-1 5.12506E-1 7.45127E-1 8.97351E-1 9.44828E-1 7.47243E-1 8.11114E-1 4.7967E-1 4.06173E-1 3.36008E-1 6.4697E-1 5.37042E-1 7.69505E-1 4.73597E-1 5.49871E-2 1.59475E-1 2.3788E-1 2.22998E-1
2.50196E-1 2.99109E-1 3.8798E-1 8.37202E-1 6.82319E-1 7.78426E-1 9.38018E-1 7.91345E-1 4.5969E-1 9.94223E-1 4.05281E-1 1.58171E-1 2.5711E-1 3.13563E-1 7.51706E-1 3.44469E-1 5.6213E-1 2.51012E-1 2.36292E-1 2.22871E-1
2.38162E-1 2.75994E-1 5.59997E-1 4.49473E-1 5.89044E-1 9.57988E-1 9.80181E-1 8.49162E-1 8.49551E-1 9.36647E-1 4.46996E-1 2.00262E-1 2.97681E-1 2.82104E-1 2.71265E-1 1.54233E-1 2.26196E-1 7.34582E-2 1.29235E-1 2.1943E-1
2.24646E-1 2.477E-1 5.97386E-1 6.36178E-1 7.95558E-1 9.82094E-1 7.52425E-1 9.99846E-1 9.99735E-1 9.37696E-1 3.51772E-1 6.64789E-1 2.82004E-1 2.66128E-1 2.55097E-1 2.45968E-1 4.26701E-1 2.07452E-1 7.29694E-2 2.1501E-1
4.30691E-1 2.36745E-1 2.5359E-1 4.95588E-1 3.72554E-1 5.37595E-1 7.61132E-1 9.18334E-1 4.89073E-1 3.91635E-1 3.07564E-1 4.69395E-1 9.6998E-2 2.67345E-1 2.55594E-1 2.44481E-1 4.30149E-1 4.5739E-1 3.23834E-1 4.83194E-1
4.91442E-1 2.61118E-1 5.64216E-1 1.80918E-1 3.94636E-1 5.87458E-1 8.6175E-1 1.47952E-1 3.3027E-1 2.2965E-1 4.1583E-1 4.94399E-1 4.75706E-1 5.38803E-1 1.58408E-1 1.50078E-1 4.59489E-1 3.8413E-1 1.29441E-1 1.56904E-1
9.60421E-1 1.20094E-1 2.97291E-1 4.62106E-1 9.38295E-2 8.67874E-1 3.46408E-1 6.84141E-1 7.69592E-1 4.5976E-1 4.47128E-1 4.83998E-1 3.14248E-1 1.22007E-1 2.8201E-1 6.1341E-1 1.52253E-1 5.52007E-1 1.98696E-1 2.1401E-1
2.63E-1 2.12874E-1 3.7285E-1 2.52142E-1 1.13869E-1 7.50194E-1 2.15254E-1 2.25988E-1 3.89579E-1 3.06182E-1 1.75309E-1 3.19178E-1 6.09481E-1 3.82432E-1 2.92525E-1 3.9512E-1 9.85026E-1 2.30884E-1 6.58899E-2 1.34668E-1
1.71168E-1 3.21305E-1 1.51821E-1 4.20213E-1 2.07232E-1 2.08199E-1 2.09641E-1 2.0665E-1 2.05652E-1 4.25817E-1 4.0025E-1 4.95546E-1 8.75524E-1 3.4014E-1 4.98353E-1 3.29828E-1 4.53983E-1 8.8117E-1 1.09422E-1 1.45109E-1
1.64031E-1 1.66568E-1 1.72767E-1 1.86333E-1 2.06139E-1 2.06403E-1 2.0696E-1 2.08268E-1 2.11279E-1 1.80395E-1 4.88198E-1 4.38274E-1 5.55606E-1 3.31614E-1 1.23192E-1 5.67016E-1 3.87368E-1 1.59201E-1 1.23737E-1 1.6349E-1
1.62876E-1 1.63225E-1 1.64119E-1 1.6622E-1 1.71241E-1 1.85496E-1 2.0624E-1 2.06999E-1 2.09069E-1 2.13832E-1 2.65107E-1 5.6768E-1 5.52167E-1 9.28046E-1 3.84225E-1 8.98147E-1 4.46154E-1 3.37413E-1 1.77975E-1 2.12347E-1
1.62724E-1 1.62764E-1 1.62878E-1 1.63219E-1 1.64448E-1 1.69691E-1 1.92984E-1 2.06499E-1 2.07916E-1 2.11452E-1 2.18637E-1 2.30319E-1 3.541E-1 3.10818E-1 2.61478E-1 6.62175E-1 2.41774E-1 2.09493E-1 1.17814E-1 2.10839E-1
1.62708E-1 1.62712E-1 1.62727E-1 1.62802E-1 1.63228E-1 1.65598E-1 1.77328E-1 2.06217E-1 2.0709E-1 2.09391E-1 2.14281E-1 2.22545E-1 2.33253E-1 2.39765E-1 4.52717E-1 9.26723E-1 2.74632E-1 8.12777E-2 2.14371E-1 2.09523E-1
