최종데이터/accident_1.asc
ncols         20
nrows         20
xllcorner     202043.92331028884
yllcorner     551161.691323056
cellsize      243.329816402587
NODATA_value  -9999
1.61961E-1 1.77191E-1 1.7975E-1 1.77812E-1 1.72735E-1 1.60629E-1 1.40713E-1 1.44253E-1 1.49153E-1 1.5424E-1 1.57568E-1 1.57584E-1 1.54314E-1 1.49306E-1 1.65045E-1 3.01946E-1 3.89603E-1 4.36749E-2 1.79173E-1 1.59164E-1
1.78212E-1 1.76274E-1 1.73584E-1 1.69294E-1 1.60936E-1 1.43382E-1 1.43427E-1 1.49416E-1 1.58305E-1 1.68355E-1 1.75822E-1 1.77044E-1 1.71409E-1 1.61843E-1 5.93558E-1 8.64464E-2 3.26939E-2 5.79222E-2 1.75137E-1 1.79786E-1
1.69159E-1 1.62359E-1 1.53865E-1 1.43608E-1 1.41378E-1 1.43444E-1 1.47553E-1 1.55417E-1 1.68043E-1 1.83745E-1 1.97016E-1 2.01089E-1 1.93582E-1 1.78724E-1 3.83802E-1 1.87774E-1 7.59664E-3 3.37659E-3 8.12241E-2 1.76491E-1
1.47799E-1 1.41443E-1 1.43655E-1 1.46324E-1 1.4916E-1 1.52086E-1 1.56086E-1 1.63509E-1 1.76713E-1 1.95212E-1 2.13153E-1 2.21161E-1 2.12584E-1 2.3827E-1 7.26192E-1 1.58986E-1 4.98307E-2 1.33606E-1 1.51753E-1 1.69147E-1
1.43296E-1 1.47556E-1 1.53477E-1 1.6084E-1 1.68324E-1 1.7387E-1 1.76821E-1 1.79825E-1 1.87412E-1 2.0177E-1 2.18943E-1 3.03404E-1 2.24887E-1 4.52407E-1 3.59811E-1 1.18714E-1 8.46384E-3 1.46304E-1 1.41647E-1 1.55437E-1
1.48577E-1 1.57423E-1 1.70611E-1 1.88258E-1 2.07358E-1 1.09385E-1 7.48081E-2 2.16003E-1 2.08894E-1 2.08151E-1 4.9664E-1 2.256E-1 5.661E-1 5.69478E-1 1.85812E-1 3.74265E-1 7.80267E-3 1.51392E-1 1.44906E-1 1.40868E-1
1.54066E-1 1.68807E-1 1.92619E-1 2.27519E-1 3.61611E-1 4.52772E-1 3.47276E-1 2.36423E-1 2.74622E-1 7.00012E-1 2.47715E-1 2.87008E-1 4.62434E-1 2.06104E-1 1.92797E-1 6.80646E-1 9.78661E-5 5.09882E-2 1.48399E-1 1.42896E-1
1.56983E-1 1.76259E-1 2.09785E-1 2.63253E-1 4.08184E-1 1.43071E-1 7.77239E-1 7.55696E-1 3.94164E-1 2.49194E-1 2.18281E-1 7.08941E-1 6.43722E-1 8.07663E-1 7.31455E-1 2.61916E-1 4.16465E-3 1.76624E-2 1.50463E-1 1.44296E-1
1.55496E-1 1.74973E-1 2.10686E-1 6.44125E-1 2.70896E-1 2.58306E-1 8.03924E-1 7.08637E-1 3.45486E-1 8.72903E-1 5.51504E-1 1.92188E-2 4.56858E-1 1.80607E-1 3.24467E-1 1.93284E-1 3.80718E-1 4.53974E-2 1.4981E-1 1.44242E-1
1.50579E-1 1.65858E-1 4.57573E-1 2.44615E-1 7.77506E-2 7.77705E-1 6.89169E-1 8.93792E-1 4.06571E-1 8.38459E-1 7.09004E-1 1.85277E-1 1.74414E-1 1.68281E-1 1.63975E-1 1.70657E-1 2.00874E-1 1.85946E-3 3.66326E-2 1.42801E-1
1.44984E-1 1.5448E-1 7.85968E-1 5.75724E-1 2.81861E-1 9.98859E-1 8.51E-1 9.98205E-1 9.79967E-1 8.75681E-1 4.11845E-1 7.58009E-1 1.68242E-1 1.61921E-1 1.57482E-1 1.53775E-1 4.34998E-1 1.80113E-1 7.44675E-2 1.40941E-1
4.17122E-1 3.7922E-1 6.62677E-1 2.59783E-1 3.1215E-2 7.44186E-1 5.19299E-1 9.9978E-1 4.59814E-1 2.79649E-1 2.31022E-1 4.42074E-1 1.77569E-1 1.62409E-1 1.57683E-1 1.53168E-1 2.32214E-1 4.62323E-1 3.13973E-1 2.46227E-1
5.99455E-1 2.6268E-1 4.84224E-1 2.72362E-1 1.14872E-1 8.8329E-1 7.90733E-1 1.0158E-1 1.71843E-1 3.80247E-1 1.3476E-1 1.79674E-1 6.91912E-1 6.31832E-1 1.73454E-1 1.67847E-1 6.7837E-1 2.60883E-1 7.27364E-2 1.40142E-1
8.8418E-1 8.12788E-2 3.84209E-1 2.47514E-1 3.69992E-3 9.81525E-1 2.15472E-1 2.89493E-1 8.05958E-1 7.03267E-1 2.78942E-1 3.68075E-1 5.69545E-1 1.01707E-1 1.68244E-1 5.17582E-1 2.29417E-1 9.65733E-1 1.38268E-1 2.64423E-1
7.49417E-1 3.21233E-1 5.26333E-1 4.13885E-1 3.01927E-3 8.14256E-1 1.33653E-1 3.08703E-1 1.76599E-1 2.69863E-1 5.39469E-1 7.13964E-1 9.18631E-1 5.09456E-1 1.88509E-1 5.92163E-1 9.6663E-1 6.82265E-1 7.44017E-2 1.86882E-2
1.4575E-1 2.76852E-1 5.63805E-1 5.98563E-1 1.73944E-1 1.68555E-1 1.60833E-1 1.48638E-1 1.41598E-1 1.32353E-1 5.34864E-1 6.41583E-1 8.80741E-1 1.91618E-1 2.08065E-1 4.17613E-1 2.43386E-1 9.42222E-1 1.33672E-1 2.33674E-2
1.38781E-1 1.41253E-1 1.47317E-1 1.60704E-1 1.80246E-1 1.78699E-1 1.75488E-1 1.68177E-1 1.52503E-1 4.60508E-2 5.68776E-1 3.89441E-1 7.39036E-1 1.88329E-1 2.06001E-1 4.69866E-1 4.23761E-1 1.23E-1 5.61696E-2 3.48509E-2
1.37658E-1 1.37997E-1 1.38867E-1 1.40913E-1 1.45821E-1 1.59874E-1 1.79655E-1 1.75264E-1 1.63851E-1 1.40444E-1 1.78072E-1 9.6873E-1 7.13501E-1 6.6581E-1 5.40304E-1 8.83833E-1 5.99782E-1 3.96707E-1 4.05688E-2 1.4731E-1
1.37511E-1 1.37549E-1 1.3766E-1 1.37992E-1 1.39187E-1 1.44303E-1 1.67324E-1 1.78144E-1 1.70113E-1 1.51647E-1 1.42468E-1 1.47342E-1 3.36788E-1 3.33199E-1 1.60055E-1 7.95349E-1 1.52061E-1 5.99303E-2 1.01736E-2 1.54695E-1
1.37495E-1 1.37499E-1 1.37514E-1 1.37586E-1 1.38E-1 1.40307E-1 1.518E-1 1.79789E-1 1.74748E-1 1.62146E-1 1.40633E-1 1.44106E-1 1.48556E-1 3.24191E-1 2.34406E-1 8.63827E-1 1.35158E-1 2.18311E-3 1.40671E-1 1.61452E-1
