최종데이터/accident_12.asc
ncols         20
nrows         20
xllcorner     202043.92331028884
yllcorner     551161.691323056
cellsize      243.329816402587
NODATA_value  -9999
1.536E-1 1.67479E-1 1.95058E-1 2.76231E-1 2.82778E-1 2.89121E-1 3.0289E-1 3.2765E-1 3.42931E-1 3.54668E-1 3.62305E-1 3.62342E-1 3.54838E-1 3.43286E-1 3.79879E-1 2.43853E-1 2.89305E-1 2.03498E-1 2.16714E-1 1.51047E-1
2.57454E-1 2.81019E-1 2.82352E-1 2.84528E-1 2.88953E-1 2.99167E-1 3.21797E-1 3.43541E-1 3.63992E-1 3.86817E-1 4.03561E-1 4.06282E-1 3.93689E-1 3.72065E-1 6.18009E-1 2.20732E-1 2.07188E-1 1.19433E-1 2.8158E-1 1.93807E-1
2.84598E-1 2.88182E-1 2.92907E-1 2.99026E-1 3.07473E-1 3.21915E-1 3.39225E-1 3.57372E-1 3.86114E-1 4.21115E-1 4.49999E-1 4.58727E-1 4.42586E-1 4.10016E-1 3.52599E-1 4.22821E-1 2.21657E-1 4.59404E-2 2.70959E-1 2.80912E-1
2.96467E-1 3.07923E-1 3.23409E-1 3.36371E-1 3.42948E-1 3.49707E-1 3.58907E-1 3.75851E-1 4.05546E-1 4.4611E-1 4.84198E-1 5.00778E-1 7.23503E-1 5.45772E-1 7.65295E-1 3.65548E-1 2.83661E-1 2.54834E-1 2.94128E-1 2.84604E-1
3.20872E-1 3.39232E-1 3.52913E-1 3.69779E-1 3.86748E-1 3.99203E-1 4.05786E-1 4.12458E-1 4.29161E-1 4.60181E-1 4.96212E-1 4.65955E-1 7.55658E-1 6.1162E-1 7.50897E-1 5.52099E-1 5.76641E-2 3.36327E-1 3.09336E-1 2.9201E-1
3.41599E-1 3.61972E-1 3.91896E-1 4.31011E-1 4.72036E-1 4.7884E-1 4.21072E-1 4.9013E-1 4.75274E-1 4.76622E-1 6.25306E-1 5.09852E-1 7.71803E-1 7.81485E-1 7.3531E-1 6.31393E-1 1.3628E-1 3.48106E-1 3.32317E-1 3.03954E-1
3.54269E-1 3.87836E-1 4.40501E-1 5.13749E-1 3.89367E-1 5.6045E-1 6.40601E-1 3.01327E-1 4.94696E-1 6.9339E-1 2.73512E-1 4.40651E-1 6.49211E-1 4.69386E-1 4.40888E-1 7.43858E-1 2.78646E-2 2.92698E-1 3.41186E-1 3.18055E-1
3.60965E-1 4.04534E-1 4.77146E-1 5.83372E-1 7.04149E-1 8.39365E-1 9.65836E-1 9.4481E-1 6.02213E-1 5.56658E-1 4.94845E-1 8.30531E-1 8.52192E-1 9.47451E-1 7.10289E-1 6.04242E-1 6.4912E-2 1.91949E-1 3.45962E-1 3.27957E-1
3.57553E-1 4.01667E-1 4.79036E-1 6.64191E-1 8.09125E-1 8.02462E-1 9.51846E-1 5.97476E-1 5.98872E-1 9.79027E-1 7.42816E-1 2.11607E-1 4.26385E-1 4.14189E-1 4.94748E-1 4.4621E-1 5.37746E-1 1.78773E-1 3.44451E-1 3.27576E-1
3.46229E-1 3.81176E-1 4.44901E-1 7.92955E-1 5.48866E-1 9.58544E-1 9.38919E-1 9.92043E-1 7.95477E-1 8.80757E-1 7.38992E-1 6.78907E-1 4.00418E-1 3.86652E-1 3.76909E-1 3.68083E-1 3.10078E-1 5.77603E-2 1.90608E-1 3.17388E-1
3.32874E-1 3.55221E-1 6.08153E-1 7.82748E-1 3.61883E-1 9.98625E-1 8.67628E-1 9.9715E-1 9.70887E-1 6.5799E-1 5.98981E-1 7.21934E-1 3.86562E-1 3.72242E-1 3.62107E-1 3.53598E-1 6.25259E-1 4.22331E-1 3.45693E-1 3.04458E-1
6.25217E-1 3.34621E-1 6.20996E-1 5.06972E-1 1.92139E-1 8.29124E-1 5.64763E-1 7.04102E-1 7.31076E-1 2.90822E-1 4.1058E-1 4.02047E-1 6.29395E-1 3.73351E-1 3.62568E-1 3.52201E-1 4.17418E-1 4.60342E-1 4.66759E-1 2.39845E-1
5.01256E-1 4.82674E-1 7.51371E-1 2.79402E-1 2.58244E-1 7.51227E-1 8.29973E-1 1.56468E-1 1.82483E-1 5.72315E-1 3.40461E-1 3.84218E-1 8.69782E-1 8.282E-1 3.74098E-1 3.62019E-1 6.9592E-1 3.40999E-1 2.25004E-1 2.32053E-1
5.84056E-1 3.71759E-1 5.0901E-1 4.6928E-1 8.03932E-2 6.81805E-1 4.88793E-1 3.55751E-1 5.77086E-1 7.53321E-1 2.94027E-1 6.3892E-1 8.16129E-1 2.43917E-1 3.86567E-1 6.99118E-1 3.90856E-1 9.18906E-1 2.39353E-1 3.87918E-1
2.43759E-1 1.89997E-1 6.00067E-1 4.98708E-1 3.31173E-2 4.05885E-1 2.43152E-1 4.65589E-1 2.63931E-1 1.6908E-1 5.85135E-1 7.18212E-1 8.14877E-1 4.73245E-1 3.47667E-1 5.77415E-1 9.47622E-1 6.89226E-1 2.62137E-1 1.35458E-1
1.38786E-1 1.06496E-1 2.70286E-1 4.08414E-1 2.82173E-1 2.84909E-1 2.8901E-1 5.11E-1 5.19777E-1 4.41688E-1 2.97694E-1 3.82995E-1 9.56139E-1 4.42577E-1 7.36906E-1 6.24251E-1 4.76987E-1 8.56709E-1 6.39627E-1 7.34896E-2
1.32403E-1 1.34668E-1 1.4022E-1 1.52453E-1 1.78038E-1 2.36061E-1 2.81406E-1 2.85105E-1 2.93692E-1 4.46606E-1 5.96857E-1 4.03886E-1 7.57185E-1 4.35373E-1 4.25897E-1 3.5109E-1 5.87061E-1 5.31962E-1 1.21956E-1 3.94204E-1
1.31373E-1 1.31684E-1 1.32482E-1 1.34357E-1 1.38851E-1 1.51695E-1 1.98516E-1 2.81517E-1 2.87381E-1 3.01044E-1 6.59504E-1 8.90249E-1 7.60248E-1 5.78383E-1 7.82783E-1 4.84793E-1 6.66144E-1 5.322E-1 2.46934E-1 2.96761E-1
1.31238E-1 1.31274E-1 1.31375E-1 1.31679E-1 1.32775E-1 1.37462E-1 1.58491E-1 2.6059E-1 2.84108E-1 2.9419E-1 3.15055E-1 3.38736E-1 3.20289E-1 2.95003E-1 3.67989E-1 6.44361E-1 3.4965E-1 3.22978E-1 5.5793E-2 2.92432E-1
1.31224E-1 1.31228E-1 1.31241E-1 1.31307E-1 1.31687E-1 1.33802E-1 1.4432E-1 1.93698E-1 2.81773E-1 2.88296E-1 3.02343E-1 3.26608E-1 3.4155E-1 4.83963E-1 5.27022E-1 5.94233E-1 5.44843E-1 2.9951E-2 3.02605E-1 2.88673E-1
