최종데이터/accident_min.asc
ncols         20
nrows         20
xllcorner     202043.92331028884
yllcorner     551161.691323056
cellsize      243.329816402587
NODATA_value  -9999
5.21157E-2 5.33091E-2 5.55054E-2 6.10497E-2 7.07692E-2 7.36596E-2 8.01451E-2 9.25466E-2 1.12135E-1 1.31302E-1 1.35012E-1 1.3503E-1 1.31385E-1 1.12767E-1 1.22633E-1 9.82821E-2 9.89927E-2 2.8994E-2 5.70987E-2 5.18886E-2
5.98596E-2 6.58725E-2 7.05772E-2 7.15607E-2 7.35825E-2 7.83627E-2 8.95279E-2 1.13223E-1 1.35837E-1 1.47193E-1 1.55761E-1 1.57174E-1 1.50685E-1 1.39811E-1 1.86379E-1 8.64464E-2 2.4565E-2 3.43818E-2 6.96965E-2 5.54101E-2
7.15921E-2 7.32279E-2 7.5414E-2 7.82959E-2 8.23682E-2 8.95883E-2 1.05433E-1 1.32611E-1 1.46837E-1 1.64969E-1 1.80646E-1 1.85517E-1 1.76559E-1 1.5912E-1 2.53554E-1 1.12024E-1 6.51083E-3 3.37659E-3 5.01622E-2 6.51667E-2
7.70838E-2 8.25882E-2 9.0354E-2 1.00476E-1 1.12166E-1 1.24692E-1 1.33357E-1 1.41691E-1 1.56791E-1 1.78496E-1 2.00107E-1 2.09918E-1 2.12584E-1 2.3827E-1 5.22126E-1 1.366E-1 1.42933E-2 5.76729E-2 7.59845E-2 7.1595E-2
8.90555E-2 1.05444E-1 1.30456E-1 1.38681E-1 1.47158E-1 1.53511E-1 1.56915E-1 1.60399E-1 1.69269E-1 1.86335E-1 2.0719E-1 2.19952E-1 1.8629E-1 1.83708E-1 2.89257E-1 9.09873E-2 8.33983E-3 1.00401E-1 8.32813E-2 7.49966E-2
1.09703E-1 1.3485E-1 1.4977E-1 1.70265E-1 1.9307E-1 1.05157E-1 7.28775E-2 2.03588E-1 1.9493E-1 1.06596E-1 2.52548E-1 2.15396E-1 1.46203E-1 4.19785E-1 1.35657E-1 1.76436E-1 7.0304E-3 1.2163E-1 9.49926E-2 8.06581E-2
1.31109E-1 1.47708E-1 1.75417E-1 2.17774E-1 2.44048E-1 2.24924E-1 2.7939E-1 2.36423E-1 1.9308E-1 2.28524E-1 1.66108E-1 2.31823E-1 6.18382E-2 1.91554E-1 1.75628E-1 1.63908E-1 2.50697E-5 4.46809E-2 1.0895E-1 8.76262E-2
1.34358E-1 1.56266E-1 1.96011E-1 2.62943E-1 3.55308E-1 4.41569E-2 4.05045E-1 4.70028E-1 1.98058E-1 2.44978E-1 2.06377E-1 2.82481E-1 3.73939E-1 5.37042E-1 1.23881E-1 3.32772E-2 4.16465E-3 1.59894E-2 1.17621E-1 9.27064E-2
1.32699E-1 1.54782E-1 1.97104E-1 4.4655E-1 1.00656E-1 2.44071E-1 5.00256E-1 5.66166E-1 2.77493E-1 3.44221E-1 2.66283E-1 7.53726E-3 5.23285E-2 1.61308E-1 2.2491E-1 1.65628E-1 1.22026E-1 1.89394E-2 1.1486E-1 9.25081E-2
1.18115E-1 1.44352E-1 2.71913E-1 2.1486E-1 6.0488E-2 3.99131E-1 3.39448E-1 5.07188E-1 3.19845E-1 6.7903E-1 2.68978E-1 8.62971E-2 1.54137E-1 1.47109E-1 1.42218E-1 1.30721E-1 1.5612E-1 1.50185E-3 3.66326E-2 8.72898E-2
9.5287E-2 1.3157E-1 4.74487E-1 2.31103E-1 1.27258E-1 1.25232E-1 4.83771E-1 6.74327E-1 6.10027E-1 3.58343E-1 1.84803E-1 4.14223E-1 1.47064E-1 1.39899E-1 1.34915E-1 1.30786E-1 1.10168E-1 1.67814E-1 1.54286E-2 8.09021E-2
1.60267E-1 1.20636E-1 1.20267E-1 1.51571E-1 3.1215E-2 2.70881E-1 3.57453E-1 2.46205E-1 1.3346E-1 1.84052E-1 1.18977E-1 1.13673E-1 8.55628E-2 1.40449E-1 1.3514E-1 1.29588E-1 1.19872E-1 2.14286E-1 7.98378E-2 8.39706E-2
2.01479E-1 5.59736E-2 1.81847E-2 1.80918E-1 3.77066E-2 1.21055E-1 4.85733E-1 4.40093E-2 1.71843E-1 1.47427E-1 1.3476E-1 1.47959E-1 3.89834E-2 5.12691E-1 1.3438E-1 1.27084E-1 2.48325E-1 8.09585E-2 1.67788E-2 6.87529E-2
4.28991E-2 8.01222E-3 2.21167E-1 1.37909E-1 3.02028E-3 3.28081E-1 2.15472E-1 1.27713E-1 6.64754E-2 8.88786E-2 1.00791E-2 1.49812E-1 3.14248E-1 1.01707E-1 1.47066E-1 3.64365E-1 1.13124E-1 1.984E-1 1.13841E-1 9.12564E-2
8.87873E-2 6.47129E-2 9.12042E-3 1.12058E-1 3.01927E-3 3.6752E-2 7.32717E-2 1.1008E-1 5.58517E-2 1.50356E-1 4.34033E-2 2.35535E-1 1.91606E-1 1.38483E-1 1.14376E-1 1.12061E-1 8.12206E-1 9.39942E-3 2.82619E-2 1.86882E-2
5.07613E-2 5.80219E-2 1.02875E-1 8.45753E-2 7.04963E-2 7.17335E-2 7.36085E-2 7.46727E-2 7.8491E-2 1.31841E-2 1.44793E-1 3.10738E-1 5.25526E-1 1.6376E-1 1.57081E-1 2.33139E-1 1.34972E-1 6.23621E-1 6.10108E-2 2.33674E-2
5.01482E-2 5.0368E-2 5.08965E-2 5.2014E-2 5.41751E-2 5.84438E-2 6.84899E-2 7.18226E-2 7.57807E-2 3.58505E-2 2.30628E-1 8.64516E-2 5.04897E-1 1.60087E-1 6.95949E-2 1.76371E-1 1.51563E-1 5.42065E-2 5.61696E-2 2.72195E-2
5.00474E-2 5.00779E-2 5.01559E-2 5.03379E-2 5.07675E-2 5.19465E-2 5.57668E-2 6.92559E-2 7.28608E-2 7.92586E-2 1.27202E-1 1.38691E-1 1.25035E-1 1.70216E-1 3.84225E-1 2.4074E-1 7.23407E-2 1.17917E-2 3.13845E-2 7.72226E-2
5.00341E-2 5.00376E-2 5.00476E-2 5.00774E-2 5.01844E-2 5.06357E-2 5.25439E-2 6.00615E-2 7.13702E-2 7.60135E-2 8.6118E-2 1.04568E-1 1.23639E-1 2.02697E-1 1.37799E-1 3.2039E-1 1.24584E-1 4.58567E-2 7.72028E-3 7.51929E-2
5.00327E-2 5.00331E-2 5.00344E-2 5.00409E-2 5.00782E-2 5.02842E-2 5.1278E-2 5.54018E-2 7.03164E-2 7.32806E-2 7.9882E-2 9.20051E-2 1.09615E-1 1.16805E-1 1.76901E-1 2.83012E-1 1.06795E-1 1.82255E-3 8.0008E-2 7.34535E-2
