최종데이터/accident_25.asc
ncols         20
nrows         20
xllcorner     202043.92331028884
yllcorner     551161.691323056
cellsize      243.329816402587
NODATA_value  -9999
6.89478E-2 6.90464E-2 6.92228E-2 6.96413E-2 7.07692E-2 7.36596E-2 8.01451E-2 9.25466E-2 1.12135E-1 1.34577E-1 1.50991E-1 1.51074E-1 1.34927E-1 1.12767E-1 1.22633E-1 9.82821E-2 9.89927E-2 5.00752E-2 6.93468E-2 6.89288E-2
6.95545E-2 6.99782E-2 7.05772E-2 7.15607E-2 7.35825E-2 7.83627E-2 8.95279E-2 1.13223E-1 1.54821E-1 2.14291E-1 2.2963E-1 2.31246E-1 2.23791E-1 1.74191E-1 4.04826E-1 3.56331E-1 4.95508E-2 8.67022E-2 7.02298E-2 6.92153E-2
7.15921E-2 7.32279E-2 7.5414E-2 7.82959E-2 8.23682E-2 8.95883E-2 1.05433E-1 1.40219E-1 2.12236E-1 2.401E-1 2.57595E-1 2.62953E-1 2.53072E-1 2.33467E-1 4.74162E-1 1.2581E-1 5.06931E-2 5.28357E-2 6.81312E-2 6.99303E-2
7.70838E-2 8.25882E-2 9.0354E-2 1.00476E-1 1.12166E-1 1.24692E-1 1.43506E-1 1.83892E-1 2.30808E-1 2.55219E-1 2.78789E-1 2.89272E-1 4.41972E-1 5.97431E-1 7.71592E-1 1.58418E-1 9.8564E-2 8.51857E-2 7.59845E-2 7.1595E-2
8.90555E-2 1.05444E-1 1.31013E-1 1.68527E-1 2.14087E-1 2.27048E-1 2.3095E-1 2.34922E-1 2.44939E-1 2.63848E-1 2.8637E-1 3.73771E-1 2.79739E-1 9.45307E-1 6.27253E-1 2.48619E-1 4.89145E-2 1.00401E-1 8.32813E-2 7.49966E-2
1.09703E-1 1.50245E-1 2.22734E-1 2.46056E-1 2.71188E-1 2.75008E-1 2.38561E-1 2.82523E-1 2.73205E-1 1.6139E-1 5.27792E-1 2.95071E-1 3.19406E-1 6.42705E-1 4.25888E-1 9.93922E-1 2.33185E-1 1.2163E-1 9.49926E-2 8.06581E-2
1.33759E-1 2.17293E-1 2.51804E-1 2.97575E-1 5.2198E-1 6.3984E-1 5.70444E-1 4.85459E-1 4.63742E-1 4.7129E-1 9.58142E-1 7.86334E-1 8.62243E-1 2.69542E-1 2.52039E-1 7.68937E-1 1.80775E-2 1.16008E-1 1.0895E-1 8.76262E-2
1.48004E-1 2.30207E-1 2.74373E-1 3.43916E-1 6.97901E-1 3.40213E-1 6.30181E-1 5.48932E-1 2.75782E-1 3.25755E-1 2.85504E-1 9.33738E-1 7.89966E-1 9.01622E-1 7.08898E-1 1.78154E-1 4.08925E-1 8.00907E-2 1.17621E-1 9.27064E-2
1.40605E-1 2.28507E-1 2.75555E-1 5.48358E-1 6.66685E-1 8.03782E-1 8.06408E-1 8.59662E-1 5.60659E-1 7.85394E-1 4.26995E-1 1.36873E-1 4.83843E-1 2.35955E-1 4.15826E-1 2.84076E-1 2.70835E-1 7.76921E-2 1.1486E-1 9.25081E-2
1.18115E-1 1.98221E-1 3.29428E-1 3.04449E-1 3.91682E-1 6.85981E-1 7.36488E-1 8.139E-1 4.92739E-1 8.4897E-1 6.00243E-1 1.38464E-1 2.27767E-1 2.13805E-1 1.86675E-1 1.52413E-1 7.31518E-1 3.76199E-2 1.20171E-1 8.72898E-2
9.5287E-2 1.35717E-1 8.35979E-1 4.64419E-1 6.82112E-1 9.94649E-1 8.67087E-1 9.461E-1 9.31017E-1 7.02787E-1 2.90332E-1 9.36538E-1 2.13544E-1 1.74635E-1 1.50548E-1 1.32395E-1 1.55103E-1 2.84354E-1 5.88938E-2 8.09021E-2
1.60902E-1 1.20636E-1 2.285E-1 2.95219E-1 9.04709E-1 9.94753E-1 6.47713E-1 9.41371E-1 5.80151E-1 4.12147E-1 3.75809E-1 2.4989E-1 1.09524E-1 1.77442E-1 1.51583E-1 1.29588E-1 2.53604E-1 2.35367E-1 1.46397E-1 1.39426E-1
3.89813E-1 1.35825E-1 1.98494E-1 4.04856E-1 3.58733E-1 7.82626E-1 9.56343E-1 5.81072E-1 3.62186E-1 2.67769E-1 6.93425E-1 2.89267E-1 8.02377E-1 8.82602E-1 1.66368E-1 1.39284E-1 7.33768E-1 4.05724E-1 4.32248E-2 2.18542E-1
7.97731E-1 3.47506E-2 2.21167E-1 1.5019E-1 2.85402E-2 7.28313E-1 3.50617E-1 2.54617E-1 3.64979E-1 5.35996E-1 2.77302E-1 4.80839E-1 8.61011E-1 4.69627E-1 2.13558E-1 7.52947E-1 2.10761E-1 5.66402E-1 2.42748E-1 9.12564E-2
2.7066E-1 8.36294E-2 2.02208E-1 1.29699E-1 1.48111E-1 2.83728E-1 1.30509E-1 1.1008E-1 3.65809E-1 2.89945E-1 2.43281E-1 4.71341E-1 9.83652E-1 7.88134E-1 3.35718E-1 4.25887E-1 9.37975E-1 4.18792E-1 5.68299E-1 5.75615E-2
6.88333E-2 8.96637E-2 2.10763E-1 8.45753E-2 7.04963E-2 7.17335E-2 7.36085E-2 7.46727E-2 7.8491E-2 1.68367E-1 2.1206E-1 6.66463E-1 6.41178E-1 2.73005E-1 2.8608E-1 3.33838E-1 2.14853E-1 7.7816E-1 3.44057E-1 6.41649E-2
6.87806E-2 6.87996E-2 6.88449E-2 6.89393E-2 6.91167E-2 6.94491E-2 7.01518E-2 7.18226E-2 7.57807E-2 6.53144E-2 7.18E-1 4.72703E-1 7.8368E-1 2.49946E-1 2.95544E-1 2.31547E-1 2.67089E-1 1.49381E-1 1.21073E-1 5.47831E-2
6.87719E-2 6.87745E-2 6.87813E-2 6.8797E-2 6.88339E-2 6.89336E-2 6.92434E-2 7.02015E-2 7.28608E-2 7.92586E-2 1.3872E-1 9.02288E-1 7.73445E-1 7.06009E-1 6.98828E-1 5.30044E-1 3.51284E-1 8.76095E-2 1.91658E-1 7.72226E-2
6.87707E-2 6.8771E-2 6.87719E-2 6.87745E-2 6.87837E-2 6.88226E-2 6.89834E-2 6.95693E-2 7.13702E-2 7.60135E-2 8.6118E-2 1.04568E-1 6.76293E-1 3.00051E-1 1.64191E-1 8.90622E-1 1.24584E-1 1.53267E-1 5.55386E-2 7.51929E-2
6.87706E-2 6.87706E-2 6.87707E-2 6.87713E-2 6.87745E-2 6.87923E-2 6.88773E-2 6.92146E-2 7.03164E-2 7.32806E-2 7.9882E-2 9.20051E-2 1.09615E-1 1.45335E-1 2.35306E-1 5.67018E-1 1.37213E-1 3.44656E-2 8.0008E-2 7.34535E-2
