최종데이터/accident_17.asc
ncols         20
nrows         20
xllcorner     202043.92331028884
yllcorner     551161.691323056
cellsize      243.329816402587
NODATA_value  -9999
9.91533E-2 1.01436E-1 1.05633E-1 1.16207E-1 1.17221E-1 1.18582E-1 1.21506E-1 1.26674E-1 1.33963E-1 1.41692E-1 1.46835E-1 1.46861E-1 1.41806E-1 1.34194E-1 1.99463E-1 1.40132E-1 1.68728E-1 9.90948E-2 1.08675E-1 9.87189E-2
1.1394E-1 1.16842E-1 1.17129E-1 1.17597E-1 1.18546E-1 1.20719E-1 1.25462E-1 1.3436E-1 1.47984E-1 1.63964E-1 1.76217E-1 1.78252E-1 1.68938E-1 1.53541E-1 5.91497E-1 4.55791E-1 8.63171E-2 9.92844E-2 1.16963E-1 1.05451E-1
1.17612E-1 1.18381E-1 1.1939E-1 1.2069E-1 1.22471E-1 1.25487E-1 1.31567E-1 1.43503E-1 1.63459E-1 1.89556E-1 2.1263E-1 2.19886E-1 2.06573E-1 1.81063E-1 6.35296E-1 1.30313E-1 1.01631E-1 4.84641E-2 1.14637E-1 1.16819E-1
1.20147E-1 1.22566E-1 1.25797E-1 1.29736E-1 1.33975E-1 1.38399E-1 1.44536E-1 1.56183E-1 1.777E-1 2.09441E-1 2.41829E-1 2.56743E-1 2.94513E-1 6.7007E-1 7.26275E-1 1.49048E-1 1.26601E-1 1.2796E-1 1.1965E-1 1.17614E-1
1.2527E-1 1.31571E-1 1.40523E-1 1.51957E-1 1.63914E-1 1.72984E-1 1.7788E-1 1.82914E-1 1.95841E-1 2.21107E-1 2.52585E-1 2.72114E-1 1.8629E-1 7.48533E-1 6.2396E-1 2.01835E-1 9.02103E-2 1.29708E-1 1.22862E-1 1.19199E-1
1.331E-1 1.4661E-1 1.67633E-1 1.97302E-1 2.31206E-1 2.49982E-1 2.35206E-1 2.47106E-1 2.34008E-1 2.3518E-1 4.50613E-1 2.65122E-1 3.55241E-1 7.55926E-1 4.20002E-1 9.99865E-1 2.32032E-1 1.37345E-1 1.27637E-1 1.21731E-1
1.41426E-1 1.64697E-1 2.04886E-1 2.68768E-1 2.89743E-1 6.55308E-1 2.7939E-1 3.13818E-1 1.9308E-1 2.28524E-1 2.83905E-1 4.56877E-1 9.47363E-1 2.28927E-1 2.05198E-1 6.91882E-1 1.38229E-1 1.29826E-1 1.32832E-1 1.24684E-1
1.45927E-1 1.76943E-1 2.35637E-1 3.38945E-1 4.64065E-1 4.65964E-1 5.96917E-1 4.96661E-1 4.24578E-1 3.10862E-1 2.51347E-1 9.46355E-1 6.77893E-1 8.32071E-1 4.86419E-1 1.7811E-1 8.55477E-2 1.06525E-1 1.35939E-1 1.26738E-1
1.43625E-1 1.74809E-1 2.37288E-1 6.5044E-1 8.47167E-1 7.83112E-1 6.62744E-1 5.70101E-1 3.09895E-1 3.44221E-1 3.9086E-1 2.09527E-1 4.64594E-1 1.84232E-1 2.58379E-1 2.57093E-1 2.26702E-1 1.16918E-1 1.34952E-1 1.26659E-1
1.36114E-1 1.59938E-1 2.71913E-1 2.1486E-1 4.30825E-1 7.79976E-1 5.43223E-1 8.5108E-1 4.72582E-1 8.31842E-1 4.63422E-1 1.54654E-1 1.73883E-1 1.63845E-1 1.56926E-1 1.30721E-1 6.18004E-1 5.09351E-2 7.61438E-2 1.24545E-1
1.27752E-1 1.42062E-1 6.7164E-1 5.61333E-1 5.59337E-1 9.92961E-1 6.45471E-1 9.50653E-1 8.57438E-1 7.73224E-1 1.89806E-1 4.14223E-1 1.63781E-1 1.53664E-1 1.46701E-1 1.40979E-1 1.60392E-1 4.81834E-1 5.14107E-2 1.21837E-1
2.58795E-1 1.58612E-1 1.20267E-1 1.51571E-1 5.59223E-1 9.98545E-1 8.349E-1 9.47508E-1 8.98327E-1 1.84052E-1 1.18977E-1 2.14512E-1 1.11829E-1 1.54436E-1 1.47014E-1 1.4005E-1 1.19872E-1 4.56388E-1 1.46484E-1 1.29335E-1
6.84363E-1 2.7399E-1 4.04806E-1 3.66625E-1 4.55705E-1 8.55598E-1 8.31404E-1 1.04885E-1 1.74468E-1 4.77001E-1 4.89977E-1 1.53754E-1 6.85817E-1 8.90227E-1 1.3438E-1 1.27084E-1 8.60404E-1 3.89135E-1 1.23687E-1 1.90354E-1
9.97459E-1 9.28672E-2 3.96857E-1 1.75405E-1 7.12028E-2 6.85307E-1 3.96301E-1 1.27713E-1 6.51676E-1 3.54888E-1 2.68229E-1 6.93687E-1 7.99847E-1 2.94801E-1 1.63785E-1 4.52351E-1 1.13124E-1 2.99127E-1 3.33298E-1 1.17866E-1
1.75648E-1 1.87193E-1 4.01052E-1 2.07343E-1 6.01718E-1 1.99762E-1 7.32717E-2 1.42539E-1 1.14366E-1 1.50356E-1 4.43662E-1 4.88613E-1 7.4749E-1 1.38483E-1 1.14376E-1 2.17027E-1 8.35725E-1 4.86927E-1 3.96957E-1 5.33721E-2
9.65617E-2 1.32021E-1 2.34866E-1 1.44146E-1 1.17091E-1 1.17679E-1 1.18558E-1 9.46523E-2 8.44222E-2 2.01028E-1 1.44793E-1 4.34034E-1 5.25526E-1 2.53579E-1 2.64564E-1 2.75331E-1 1.34972E-1 8.55217E-1 5.29908E-1 9.36571E-2
9.53879E-2 9.58087E-2 9.68205E-2 9.89588E-2 1.03091E-1 1.11241E-1 1.16925E-1 1.17721E-1 1.19557E-1 8.69247E-2 8.7326E-1 1.58575E-1 8.05555E-1 2.46679E-1 3.37142E-1 3.65383E-1 2.25771E-1 1.67989E-1 8.92164E-2 8.06892E-2
9.51949E-2 9.52533E-2 9.54026E-2 9.57512E-2 9.65736E-2 9.88297E-2 1.06132E-1 1.16949E-1 1.1821E-1 1.21116E-1 2.058E-1 9.9589E-1 6.43881E-1 7.1748E-1 7.8107E-1 2.4074E-1 2.66993E-1 1.0743E-1 1.8776E-1 1.20209E-1
9.51695E-2 9.51761E-2 9.51952E-2 9.52523E-2 9.54573E-2 9.63212E-2 9.99725E-2 1.14325E-1 1.17507E-1 1.19663E-1 1.24059E-1 1.31252E-1 3.14627E-1 3.50474E-1 1.50723E-1 8.76593E-1 1.38362E-1 2.34983E-1 6.75138E-2 1.19289E-1
9.51668E-2 9.51675E-2 9.517E-2 9.51825E-2 9.52538E-2 9.56483E-2 9.75505E-2 1.05435E-1 1.17004E-1 1.18406E-1 1.21391E-1 1.26459E-1 1.33068E-1 1.27434E-1 2.70777E-1 4.68892E-1 1.66212E-1 5.36149E-2 1.21446E-1 1.18486E-1
