최종데이터/accident_29.asc
ncols         20
nrows         20
xllcorner     202043.92331028884
yllcorner     551161.691323056
cellsize      243.329816402587
NODATA_value  -9999
1.72481E-1 1.78856E-1 1.87798E-1 2.09503E-1 2.11135E-1 2.12771E-1 2.16262E-1 2.22361E-1 2.30812E-1 2.39594E-1 2.45344E-1 2.45372E-1 2.39722E-1 2.31077E-1 2.47169E-1 3.51685E-1 3.4962E-1 5.39438E-2 1.94028E-1 1.71276E-1
2.04839E-1 2.10679E-1 2.11025E-1 2.11588E-1 2.12728E-1 2.15326E-1 2.20938E-1 2.31267E-1 2.46618E-1 2.6399E-1 2.76898E-1 2.7901E-1 2.6927E-1 2.52733E-1 7.60836E-1 2.28922E-1 6.15826E-2 9.55613E-2 2.10824E-1 1.87426E-1
2.11606E-1 2.1253E-1 2.13739E-1 2.1529E-1 2.17408E-1 2.20967E-1 2.28052E-1 2.41627E-1 2.63451E-1 2.90587E-1 3.0605E-1 3.0605E-1 3.0605E-1 2.81913E-1 5.67786E-1 2.63625E-1 7.95394E-3 1.06091E-2 1.13193E-1 2.10651E-1
2.14643E-1 2.1752E-1 2.21331E-1 2.25931E-1 2.30825E-1 2.35874E-1 2.42783E-1 2.55612E-1 2.78438E-1 3.0605E-1 3.0605E-1 3.0605E-1 3.37072E-1 4.66537E-1 6.97421E-1 2.47795E-1 1.99766E-2 1.68134E-1 2.14049E-1 2.11608E-1
2.20712E-1 2.28057E-1 2.38278E-1 2.50998E-1 2.63936E-1 2.73524E-1 2.78624E-1 2.83816E-1 2.96916E-1 3.0605E-1 3.0605E-1 3.0605E-1 3.0605E-1 6.76488E-1 4.62575E-1 2.02965E-1 1.55418E-2 2.25898E-1 2.17871E-1 2.1351E-1
2.29819E-1 2.45093E-1 2.6789E-1 2.98376E-1 3.0605E-1 1.68316E-1 1.09729E-1 3.0605E-1 3.0605E-1 2.94225E-1 2.97183E-1 3.0605E-1 1.46203E-1 6.71827E-1 3.55232E-1 8.4839E-1 1.48116E-2 2.34677E-1 2.23487E-1 2.16529E-1
2.39295E-1 2.64771E-1 3.05896E-1 3.0605E-1 4.81439E-1 3.00151E-1 4.72202E-1 4.31799E-1 3.92914E-1 6.30997E-1 5.05888E-1 4.20181E-1 6.68331E-1 3.0605E-1 3.0605E-1 8.57337E-1 4.92073E-5 8.48137E-2 2.29511E-1 2.20023E-1
2.44334E-1 2.77653E-1 3.0605E-1 3.0605E-1 4.0699E-1 1.98242E-1 4.05045E-1 5.18746E-1 2.92222E-1 3.0605E-1 3.0605E-1 9.15332E-1 3.73939E-1 8.91536E-1 7.2036E-1 3.46593E-1 2.99196E-2 2.60485E-2 2.33074E-1 2.22435E-1
2.41764E-1 2.75431E-1 3.0605E-1 5.2293E-1 1.00656E-1 2.44071E-1 5.00256E-1 6.27741E-1 3.33119E-1 9.96239E-1 6.70678E-1 1.56903E-2 6.5233E-1 2.85167E-1 3.40854E-1 2.94292E-1 2.85414E-1 5.07247E-2 2.31945E-1 2.22343E-1
2.33274E-1 2.59673E-1 4.81504E-1 3.0605E-1 6.28772E-2 4.72616E-1 3.39448E-1 5.07188E-1 3.19845E-1 7.07079E-1 6.78665E-1 2.83888E-1 2.74464E-1 2.63863E-1 2.56417E-1 3.11752E-1 4.38702E-1 2.49481E-3 1.21768E-1 2.19859E-1
2.23621E-1 2.4001E-1 7.6644E-1 7.14031E-1 2.9283E-1 9.73844E-1 7.3139E-1 9.9862E-1 6.84636E-1 5.3734E-1 4.01449E-1 8.3401E-1 2.63794E-1 2.52867E-1 2.45195E-1 2.38791E-1 4.24424E-1 3.57807E-1 2.03596E-1 2.16655E-1
4.11368E-1 4.48318E-1 7.23341E-1 3.35751E-1 9.48838E-2 8.15193E-1 4.47174E-1 9.84745E-1 2.07842E-1 4.81504E-1 4.63563E-1 5.29587E-1 3.15065E-1 2.5371E-1 2.45543E-1 2.37743E-1 3.69788E-1 4.51855E-1 3.6199E-1 2.16544E-1
5.97062E-1 3.65535E-1 4.1306E-1 5.05692E-1 1.15411E-1 7.34553E-1 7.11324E-1 4.20799E-1 3.34004E-1 5.11142E-1 3.00851E-1 2.39645E-1 8.41641E-1 5.84721E-1 3.17192E-1 3.06277E-1 6.49737E-1 1.35638E-1 1.44462E-1 3.35356E-1
1.61407E-1 1.39624E-1 5.21077E-1 3.05053E-1 4.49324E-3 7.13902E-1 3.93692E-1 8.52216E-1 5.21126E-1 6.7873E-1 5.06874E-1 4.84633E-1 9.99868E-1 3.84189E-1 2.63798E-1 6.30954E-1 4.78324E-1 9.32233E-1 2.92238E-1 3.12933E-1
6.35468E-1 3.02056E-1 6.22274E-1 4.00942E-1 5.34185E-3 7.34653E-1 2.55357E-1 3.60577E-1 4.88442E-1 4.1293E-1 4.71528E-1 7.4548E-1 5.88185E-1 7.96019E-1 3.46478E-1 4.96929E-1 9.99686E-1 2.38948E-1 5.69897E-1 4.6639E-2
1.65327E-1 2.01495E-1 5.96334E-1 8.78543E-1 2.10978E-1 2.11687E-1 2.12742E-1 2.14516E-1 2.17787E-1 1.36331E-1 5.14059E-1 7.75988E-1 9.97276E-1 2.91513E-1 3.11186E-1 4.75695E-1 3.12241E-1 8.92586E-1 3.47967E-1 5.42401E-2
1.62118E-1 1.63266E-1 1.66037E-1 1.71941E-1 1.82602E-1 1.99293E-1 2.10779E-1 2.11737E-1 2.13939E-1 7.54006E-2 6.43188E-1 6.82334E-1 8.1392E-1 2.86025E-1 4.30366E-1 3.00964E-1 5.24447E-1 2.40971E-1 1.55148E-1 5.53034E-2
1.61592E-1 1.61751E-1 1.62158E-1 1.63109E-1 1.6536E-1 1.71583E-1 1.88819E-1 2.10808E-1 2.12324E-1 2.15799E-1 2.62145E-1 8.69216E-1 7.48654E-1 6.98754E-1 6.89316E-1 7.38514E-1 6.92416E-1 5.01374E-1 7.01613E-2 2.14718E-1
1.61523E-1 1.61541E-1 1.61593E-1 1.61749E-1 1.62307E-1 1.64668E-1 1.74761E-1 2.0563E-1 2.1148E-1 2.14065E-1 2.19286E-1 2.27688E-1 5.85001E-1 5.11391E-1 2.49642E-1 7.40319E-1 2.35832E-1 8.20492E-2 1.67809E-2 2.13618E-1
1.61516E-1 1.61518E-1 1.61524E-1 1.61558E-1 1.61753E-1 1.62828E-1 1.68046E-1 1.87393E-1 2.10875E-1 2.12559E-1 2.16125E-1 2.22108E-1 2.29783E-1 3.80974E-1 3.15263E-1 5.50819E-1 2.00235E-1 3.76686E-3 2.16191E-1 2.12656E-1
