최종데이터/accident_max.asc
ncols         20
nrows         20
xllcorner     202043.92331028884
yllcorner     551161.691323056
cellsize      243.329816402587
NODATA_value  -9999
2.64446E-1 3.09778E-1 3.41373E-1 3.72319E-1 3.74091E-1 3.7507E-1 3.77145E-1 3.80719E-1 3.85572E-1 3.90501E-1 3.93668E-1 3.93683E-1 3.90572E-1 3.85723E-1 4.24768E-1 4.771E-1 5.1903E-1 2.54571E-1 3.50365E-1 2.56351E-1
3.65758E-1 3.73817E-1 3.74025E-1 3.74363E-1 3.75045E-1 3.76591E-1 3.79891E-1 3.85831E-1 3.94364E-1 4.03638E-1 4.83552E-1 4.97625E-1 4.3374E-1 3.97672E-1 9.48642E-1 7.05525E-1 2.25357E-1 3.3738E-1 3.73904E-1 3.40833E-1
3.74374E-1 3.74926E-1 3.75648E-1 3.7657E-1 3.77821E-1 3.79908E-1 3.84E-1 3.91626E-1 4.03356E-1 5.72703E-1 6.60994E-1 6.62155E-1 6.59999E-1 5.17124E-1 7.49198E-1 5.43106E-1 2.82752E-1 2.31121E-1 3.52205E-1 3.738E-1
3.76186E-1 3.77887E-1 3.8012E-1 3.82783E-1 3.8558E-1 3.88427E-1 3.92263E-1 3.99213E-1 4.93804E-1 6.60473E-1 6.65475E-1 6.67589E-1 8.35477E-1 8.69918E-1 9.52377E-1 3.95004E-1 3.81189E-1 3.47849E-1 3.75833E-1 3.74375E-1
3.79759E-1 3.84003E-1 3.89769E-1 3.96738E-1 4.0361E-1 4.61304E-1 4.95047E-1 5.29979E-1 6.08634E-1 6.62347E-1 6.6701E-1 7.82072E-1 7.55658E-1 9.45307E-1 9.89846E-1 5.96913E-1 1.38234E-1 3.82765E-1 3.78094E-1 3.75511E-1
3.85008E-1 3.93531E-1 4.24929E-1 6.16882E-1 6.63901E-1 6.45896E-1 5.81512E-1 6.66235E-1 6.64322E-1 6.33005E-1 9.42393E-1 6.68732E-1 7.71803E-1 8.7952E-1 9.07011E-1 9.99865E-1 5.93867E-1 3.87755E-1 3.81372E-1 3.77303E-1
3.90335E-1 4.05294E-1 6.58894E-1 6.69221E-1 8.21551E-1 8.37994E-1 7.5223E-1 7.3972E-1 5.78803E-1 7.9966E-1 9.58142E-1 9.77382E-1 9.98014E-1 6.63555E-1 6.59769E-1 9.32765E-1 5.27727E-1 3.05896E-1 3.84833E-1 3.79357E-1
3.93115E-1 4.88568E-1 6.64565E-1 6.77725E-1 8.30688E-1 9.80026E-1 9.7094E-1 9.4481E-1 8.41114E-1 6.74504E-1 6.66836E-1 9.76186E-1 8.67486E-1 9.78586E-1 9.11268E-1 7.11868E-1 5.69578E-1 2.25316E-1 3.86853E-1 3.80762E-1
3.91701E-1 4.73839E-1 6.64809E-1 8.91752E-1 8.56703E-1 9.404E-1 9.78135E-1 9.46426E-1 7.47145E-1 9.99994E-1 9.00506E-1 5.39544E-1 7.6869E-1 5.39137E-1 7.98626E-1 4.68822E-1 7.59507E-1 2.78807E-1 3.86215E-1 3.80709E-1
3.86966E-1 4.01368E-1 6.49309E-1 7.92955E-1 8.3304E-1 9.58544E-1 9.80745E-1 9.92043E-1 8.49551E-1 9.78657E-1 7.88681E-1 6.78907E-1 4.6747E-1 4.03572E-1 3.99642E-1 4.40326E-1 8.99184E-1 1.98993E-1 4.02362E-1 3.79261E-1
3.8145E-1 3.90732E-1 8.99322E-1 9.56388E-1 8.79689E-1 9.99982E-1 9.93618E-1 9.99966E-1 9.9997E-1 9.67615E-1 7.14464E-1 9.78793E-1 4.03536E-1 3.97744E-1 3.93586E-1 3.90055E-1 6.96387E-1 7.27787E-1 3.45693E-1 3.77377E-1
6.25217E-1 4.98231E-1 7.49933E-1 5.99877E-1 9.97744E-1 9.99199E-1 9.00846E-1 9.99933E-1 8.98327E-1 6.18153E-1 6.23494E-1 6.09315E-1 6.29395E-1 3.98196E-1 3.93776E-1 3.89472E-1 6.80502E-1 7.21806E-1 7.68339E-1 6.64158E-1
9.14423E-1 6.32361E-1 9.32019E-1 7.18675E-1 7.29113E-1 9.36014E-1 9.81517E-1 6.02045E-1 5.62458E-1 6.89936E-1 9.40755E-1 6.43397E-1 9.42026E-1 9.40867E-1 4.43914E-1 4.36684E-1 9.56964E-1 7.3889E-1 3.71924E-1 6.19767E-1
9.99947E-1 4.08444E-1 7.98543E-1 6.47527E-1 1.83642E-1 9.90725E-1 7.77387E-1 8.83666E-1 9.78185E-1 8.63168E-1 7.50584E-1 7.85001E-1 9.99868E-1 7.12125E-1 4.03538E-1 9.54618E-1 5.75888E-1 9.9287E-1 8.06519E-1 6.40436E-1
7.7604E-1 4.55436E-1 8.66033E-1 5.88157E-1 6.01718E-1 9.77456E-1 4.53354E-1 6.56094E-1 7.51449E-1 5.70914E-1 8.01083E-1 8.06335E-1 9.91989E-1 9.11019E-1 5.05449E-1 7.76711E-1 9.99686E-1 7.82126E-1 7.58224E-1 1.76517E-1
2.18692E-1 3.21305E-1 7.12841E-1 8.78543E-1 3.73997E-1 3.74422E-1 3.75053E-1 5.11E-1 5.19777E-1 7.88598E-1 6.20417E-1 8.58479E-1 9.97276E-1 4.64748E-1 7.36906E-1 6.29341E-1 5.84142E-1 9.84762E-1 7.01812E-1 2.19338E-1
1.99962E-1 2.06535E-1 2.22986E-1 2.60799E-1 3.33805E-1 3.57895E-1 3.73877E-1 3.74452E-1 3.75767E-1 4.46606E-1 9.737E-1 7.03348E-1 9.08184E-1 4.56668E-1 5.64726E-1 7.26453E-1 8.89405E-1 5.31962E-1 3.75993E-1 3.94204E-1
1.97001E-1 1.97893E-1 2.0019E-1 2.05627E-1 2.18887E-1 2.58399E-1 3.42854E-1 3.73895E-1 3.74803E-1 3.76871E-1 6.59504E-1 9.9628E-1 8.80629E-1 9.57848E-1 8.91537E-1 9.31897E-1 8.56729E-1 8.85159E-1 4.66986E-1 3.7623E-1
1.96613E-1 1.96714E-1 1.97005E-1 1.97878E-1 2.01036E-1 2.14754E-1 2.80177E-1 3.66874E-1 3.74298E-1 3.75842E-1 3.78925E-1 3.83792E-1 8.30366E-1 7.14432E-1 3.96005E-1 9.91699E-1 3.88404E-1 4.40446E-1 1.75095E-1 3.75576E-1
1.96572E-1 1.96582E-1 1.96621E-1 1.96811E-1 1.97901E-1 2.04011E-1 2.35429E-1 3.40786E-1 3.73935E-1 3.74944E-1 3.77064E-1 3.80572E-1 3.84988E-1 6.10832E-1 7.25077E-1 9.26723E-1 5.44843E-1 1.81358E-1 3.77103E-1 3.75002E-1
