최종데이터/accident_19.asc
ncols         20
nrows         20
xllcorner     202043.92331028884
yllcorner     551161.691323056
cellsize      243.329816402587
NODATA_value  -9999
1.57043E-1 1.6148E-1 1.62512E-1 1.62791E-1 1.63537E-1 1.65411E-1 1.69436E-1 1.76537E-1 1.86527E-1 1.97087E-1 2.04097E-1 2.04131E-1 1.97242E-1 1.86843E-1 2.51043E-1 1.60245E-1 1.65466E-1 1.39704E-1 1.62595E-1 1.562E-1
1.62733E-1 1.63015E-1 1.63411E-1 1.64056E-1 1.65362E-1 1.68353E-1 1.74872E-1 1.87069E-1 2.0566E-1 2.27327E-1 2.43835E-1 2.46567E-1 2.34039E-1 2.13212E-1 4.93538E-1 3.53424E-1 1.33138E-1 1.02136E-1 1.63181E-1 1.62507E-1
1.64076E-1 1.65135E-1 1.66524E-1 1.68312E-1 1.70762E-1 1.74906E-1 1.83246E-1 1.99556E-1 2.26645E-1 2.61698E-1 2.92326E-1 3.01883E-1 2.84321E-1 2.50338E-1 2.99091E-1 2.42972E-1 1.80982E-1 4.91587E-2 1.60207E-1 1.62983E-1
1.67566E-1 1.70892E-1 1.75332E-1 1.80736E-1 1.86542E-1 1.92592E-1 2.00965E-1 2.16796E-1 2.45826E-1 2.88114E-1 3.30563E-1 3.49861E-1 3.07856E-1 4.8771E-1 5.70866E-1 2.07106E-1 1.28375E-1 1.47134E-1 1.66881E-1 1.64078E-1
1.74608E-1 1.83252E-1 1.95492E-1 2.11061E-1 2.27259E-1 2.39488E-1 2.46068E-1 2.52818E-1 2.70076E-1 3.03488E-1 3.44497E-1 3.55001E-1 3.3302E-1 4.51613E-1 8.27399E-1 3.03024E-1 4.49112E-2 1.80698E-1 1.713E-1 1.66261E-1
1.85344E-1 2.03789E-1 2.32279E-1 2.7202E-1 3.16721E-1 3.41567E-1 3.23608E-1 3.3741E-1 3.2038E-1 1.65283E-1 5.30006E-1 3.60631E-1 3.05586E-1 5.4669E-1 5.92495E-1 1.89328E-1 2.00342E-1 1.91152E-1 1.77858E-1 1.69744E-1
1.96724E-1 2.28317E-1 2.82086E-1 3.65302E-1 3.60465E-1 8.10145E-1 4.80488E-1 3.71586E-1 2.96036E-1 4.74396E-1 2.09768E-1 5.86182E-1 9.36361E-2 3.13741E-1 2.825E-1 7.21808E-1 1.02681E-1 1.81894E-1 1.84978E-1 1.73804E-1
2.02859E-1 2.4481E-1 3.22504E-1 4.53201E-1 6.06537E-1 8.95554E-1 7.68527E-1 6.66359E-1 3.00805E-1 4.18492E-1 3.42898E-1 8.88012E-1 6.98479E-1 5.73578E-1 7.5835E-1 1.52238E-1 1.41408E-1 1.51389E-1 1.89229E-1 1.76624E-1
1.99723E-1 2.41942E-1 3.24656E-1 6.13199E-1 7.35345E-1 9.36158E-1 9.18037E-1 9.02875E-1 4.53934E-1 9.4709E-1 2.8709E-1 2.90263E-1 6.39456E-2 2.54583E-1 4.02661E-1 3.21482E-1 2.0895E-1 1.3617E-1 1.8788E-1 1.76516E-1
1.89469E-1 2.21882E-1 2.8681E-1 3.78961E-1 7.98096E-1 8.9442E-1 9.80745E-1 9.55029E-1 7.30144E-1 7.35922E-1 6.7888E-1 1.29344E-1 2.40697E-1 2.27166E-1 2.17802E-1 1.98083E-1 1.5612E-1 6.11469E-2 1.29121E-1 1.73613E-1
1.78015E-1 1.97591E-1 5.79562E-1 3.69619E-1 4.80831E-1 9.99982E-1 7.71091E-1 9.99966E-1 9.57877E-1 6.51283E-1 2.53731E-1 8.84362E-1 2.27079E-1 2.13379E-1 2.03914E-1 1.96114E-1 2.24284E-1 3.25278E-1 2.65583E-2 1.6989E-1
2.82445E-1 1.69282E-1 2.68343E-1 3.66492E-1 7.069E-1 5.93081E-1 7.50458E-1 9.8576E-1 2.79021E-1 2.31782E-1 2.20857E-1 2.29418E-1 1.01305E-1 2.14427E-1 2.0434E-1 1.94847E-1 2.28222E-1 3.88219E-1 1.73113E-1 2.94489E-1
2.74144E-1 2.66737E-1 4.44283E-1 4.06749E-1 8.87614E-2 7.13388E-1 8.66399E-1 4.40093E-2 1.91965E-1 1.47427E-1 6.02371E-1 3.71077E-1 9.23322E-1 6.68318E-1 2.03478E-1 1.92711E-1 5.95924E-1 2.69018E-1 8.42567E-2 1.21365E-1
3.82797E-1 7.66012E-2 2.63688E-1 3.82981E-1 1.02817E-1 5.75445E-1 3.59038E-1 3.54236E-1 1.57106E-1 7.05145E-1 3.22478E-1 4.21307E-1 5.59374E-1 2.66127E-1 2.27084E-1 8.45029E-1 1.32914E-1 8.90818E-1 2.34721E-1 1.52229E-1
2.20669E-1 1.53663E-1 3.43845E-1 2.50533E-1 5.38438E-2 4.3211E-1 1.15362E-1 1.60002E-1 2.88049E-1 1.79322E-1 2.01805E-1 5.56653E-1 9.25232E-1 3.85512E-1 1.63353E-1 3.1768E-1 9.24232E-1 5.11884E-1 2.92352E-1 8.49602E-2
1.52025E-1 1.56837E-1 2.30828E-1 2.9358E-1 1.63357E-1 1.64168E-1 1.65379E-1 1.60442E-1 1.57233E-1 4.6009E-1 2.80593E-1 5.5123E-1 9.01201E-1 3.17227E-1 3.71632E-1 3.30796E-1 3.30959E-1 7.70731E-1 1.38812E-1 9.14265E-2
1.49759E-1 1.50571E-1 1.52525E-1 1.56665E-1 1.62441E-1 1.62663E-1 1.6313E-1 1.64226E-1 1.66754E-1 1.48476E-1 4.45915E-1 1.367E-1 7.48698E-1 3.08858E-1 8.33838E-2 1.9383E-1 2.13629E-1 2.8452E-1 1.15039E-1 1.38425E-1
1.49387E-1 1.495E-1 1.49787E-1 1.5046E-1 1.52048E-1 1.56415E-1 1.62526E-1 1.63163E-1 1.64899E-1 1.68899E-1 2.93115E-1 9.09273E-1 2.64826E-1 3.09666E-1 5.69071E-1 5.00765E-1 5.19918E-1 1.48504E-1 2.52193E-1 1.67652E-1
1.49338E-1 1.49351E-1 1.49388E-1 1.49498E-1 1.49893E-1 1.5156E-1 1.58634E-1 1.62743E-1 1.63931E-1 1.669E-1 1.72945E-1 1.82814E-1 3.24772E-1 2.02697E-1 2.09384E-1 5.17177E-1 1.92541E-1 1.46668E-1 8.12323E-2 1.66385E-1
1.49333E-1 1.49334E-1 1.49339E-1 1.49363E-1 1.49501E-1 1.50261E-1 1.53937E-1 1.62507E-1 1.63239E-1 1.65168E-1 1.69277E-1 1.76241E-1 1.85301E-1 1.68038E-1 4.16486E-1 6.9848E-1 2.5184E-1 6.52741E-2 1.69353E-1 1.65279E-1
