최종데이터/accident_8.asc
ncols         20
nrows         20
xllcorner     202043.92331028884
yllcorner     551161.691323056
cellsize      243.329816402587
NODATA_value  -9999
1.68414E-1 1.69773E-1 1.70159E-1 1.7044E-1 1.71192E-1 1.73081E-1 1.77133E-1 1.84274E-1 1.94301E-1 2.04878E-1 2.11886E-1 2.11921E-1 2.05034E-1 1.94618E-1 2.44315E-1 2.18038E-1 3.29551E-1 1.20178E-1 1.70242E-1 1.68153E-1
1.70382E-1 1.70666E-1 1.71065E-1 1.71715E-1 1.73031E-1 1.76043E-1 1.82601E-1 1.94845E-1 2.13448E-1 2.35047E-1 2.49217E-1 2.51431E-1 2.41244E-1 2.20986E-1 4.58456E-1 2.78E-1 8.23585E-2 1.44045E-1 1.70834E-1 1.70154E-1
1.71735E-1 1.72802E-1 1.74201E-1 1.76002E-1 1.78468E-1 1.82635E-1 1.91011E-1 2.07348E-1 2.34369E-1 2.63615E-1 2.87931E-1 2.95435E-1 2.81616E-1 2.54479E-1 5.43343E-1 1.67848E-1 1.13165E-1 4.71197E-2 1.62379E-1 1.70634E-1
1.7525E-1 1.78599E-1 1.83063E-1 1.88492E-1 1.94317E-1 2.00379E-1 2.08757E-1 2.2456E-1 2.50831E-1 2.84612E-1 3.17752E-1 3.32623E-1 5.59695E-1 6.18517E-1 7.95772E-1 2.14893E-1 1.50076E-1 1.99322E-1 1.74561E-1 1.71737E-1
1.82336E-1 1.91016E-1 2.03283E-1 2.18841E-1 2.3498E-1 2.45686E-1 2.51026E-1 2.56479E-1 2.70311E-1 2.96692E-1 3.285E-1 3.47717E-1 4.33992E-1 6.33142E-1 6.82368E-1 3.40325E-1 5.96145E-2 1.88453E-1 1.79009E-1 1.73936E-1
1.93115E-1 2.11579E-1 2.39805E-1 2.71859E-1 3.07017E-1 3.15454E-1 2.72225E-1 3.2304E-1 3.0986E-1 2.526E-1 5.71136E-1 3.40879E-1 5.28419E-1 7.88195E-1 4.66102E-1 8.64233E-1 2.00772E-1 1.98936E-1 1.85601E-1 1.77443E-1
2.04515E-1 2.36032E-1 2.79849E-1 3.44451E-1 4.76537E-1 7.31073E-1 5.02829E-1 3.08239E-1 5.00702E-1 6.55542E-1 3.72487E-1 5.8017E-1 4.61631E-1 3.04697E-1 2.80177E-1 7.48838E-1 3.33051E-2 1.66342E-1 1.92748E-1 1.81527E-1
2.1065E-1 2.50008E-1 3.1151E-1 4.10985E-1 7.80239E-1 7.61468E-1 9.6559E-1 8.56341E-1 3.15543E-1 3.84831E-1 3.27269E-1 9.50504E-1 8.04539E-1 9.46628E-1 5.64554E-1 4.23116E-1 9.52934E-2 1.06021E-1 1.9701E-1 1.84361E-1
2.07515E-1 2.47681E-1 3.13178E-1 7.98046E-1 7.84282E-1 6.08651E-1 7.74773E-1 5.89086E-1 4.92874E-1 9.78546E-1 5.92814E-1 1.56353E-1 3.82313E-1 2.57901E-1 3.60842E-1 3.10823E-1 2.69786E-1 1.01812E-1 1.95658E-1 1.84253E-1
1.9725E-1 2.29627E-1 5.0195E-1 4.76747E-1 3.08995E-1 8.8471E-1 7.76334E-1 9.833E-1 5.94353E-1 8.94502E-1 6.491E-1 2.98472E-1 2.46669E-1 2.34887E-1 2.25563E-1 1.55238E-1 3.52103E-1 5.23773E-2 1.0547E-1 1.81335E-1
1.85759E-1 2.05383E-1 6.6717E-1 5.73047E-1 3.83952E-1 9.54953E-1 9.67009E-1 9.97684E-1 9.97324E-1 7.96817E-1 4.23531E-1 7.8743E-1 2.34801E-1 2.21153E-1 2.11704E-1 2.03905E-1 3.21785E-1 4.52886E-1 9.12779E-2 1.7759E-1
6.23398E-1 2.59008E-1 3.87612E-1 2.7636E-1 4.11935E-1 9.81577E-1 8.28911E-1 6.81825E-1 4.97966E-1 3.46307E-1 2.82402E-1 2.58819E-1 1.87581E-1 2.22198E-1 2.12129E-1 2.02636E-1 3.82265E-1 5.94281E-1 3.00708E-1 2.68779E-1
7.51406E-1 4.01725E-1 2.82658E-1 3.63725E-1 1.96292E-1 9.03398E-1 8.99578E-1 1.49055E-1 2.54571E-1 4.41189E-1 5.03114E-1 2.32726E-1 8.25974E-1 8.57019E-1 1.59441E-1 1.51056E-1 5.91825E-1 2.33163E-1 1.07914E-1 3.7497E-1
5.84464E-1 1.42408E-1 5.00411E-1 2.73866E-1 4.63111E-2 8.8352E-1 4.61802E-1 4.56407E-1 2.32541E-1 6.22753E-1 2.90414E-1 4.9631E-1 9.58643E-1 1.59195E-1 2.34806E-1 6.09163E-1 2.47876E-1 7.63894E-1 2.25782E-1 2.80087E-1
4.5206E-1 2.00894E-1 3.4577E-1 4.19412E-1 6.92253E-2 4.10006E-1 2.31019E-1 3.15651E-1 1.68548E-1 1.93379E-1 3.51813E-1 6.1936E-1 8.93573E-1 5.5115E-1 3.3792E-1 3.52534E-1 9.87515E-1 5.15878E-1 3.70836E-1 6.7716E-2
1.66846E-1 2.67741E-1 4.34543E-1 4.41144E-1 1.71011E-1 1.71828E-1 1.73048E-1 2.43503E-1 2.36964E-1 2.8447E-1 3.30905E-1 6.80468E-1 9.44444E-1 3.0681E-1 3.7461E-1 5.27219E-1 2.48908E-1 9.67976E-1 3.71578E-1 5.27447E-2
1.66128E-1 1.66386E-1 1.67004E-1 1.68297E-1 1.70087E-1 1.70311E-1 1.70782E-1 1.71887E-1 1.74433E-1 1.99482E-1 7.79476E-1 3.20436E-1 9.08184E-1 2.98916E-1 2.75089E-1 2.857E-1 4.15548E-1 2.36345E-1 1.095E-1 1.74954E-1
1.66009E-1 1.66045E-1 1.66137E-1 1.66351E-1 1.66853E-1 1.68219E-1 1.70173E-1 1.70815E-1 1.72564E-1 1.76593E-1 3.85904E-1 7.5496E-1 8.22107E-1 5.61351E-1 8.8523E-1 5.57884E-1 4.91828E-1 1.57375E-1 3.29988E-1 1.75337E-1
1.65993E-1 1.65997E-1 1.66009E-1 1.66044E-1 1.6617E-1 1.66699E-1 1.68904E-1 1.70392E-1 1.71589E-1 1.7458E-1 1.80663E-1 1.90577E-1 5.04872E-1 3.18489E-1 2.17167E-1 8.57837E-1 2.00328E-1 4.40446E-1 7.14887E-2 1.74061E-1
1.65992E-1 1.65992E-1 1.65994E-1 1.66001E-1 1.66045E-1 1.66287E-1 1.67447E-1 1.70153E-1 1.70891E-1 1.72836E-1 1.76973E-1 1.83976E-1 1.93072E-1 3.2505E-1 3.50825E-1 6.66031E-1 3.11348E-1 3.71796E-2 1.77049E-1 1.72948E-1
