최종데이터/accident_22.asc
ncols         20
nrows         20
xllcorner     202043.92331028884
yllcorner     551161.691323056
cellsize      243.329816402587
NODATA_value  -9999
1.68547E-1 1.75017E-1 1.87115E-1 2.18659E-1 2.20451E-1 2.21273E-1 2.23019E-1 2.26039E-1 2.30165E-1 2.34384E-1 2.3711E-1 2.37123E-1 2.34445E-1 2.30293E-1 2.25953E-1 4.771E-1 4.18597E-1 5.05469E-2 1.96039E-1 1.67324E-1
2.11775E-1 2.2022E-1 2.20395E-1 2.20679E-1 2.21251E-1 2.22552E-1 2.25338E-1 2.30385E-1 2.37711E-1 2.45773E-1 2.51625E-1 2.52572E-1 2.4818E-1 2.40574E-1 8.65861E-1 2.64689E-1 5.28354E-2 7.95473E-2 2.20294E-1 1.86586E-1
2.20688E-1 2.21152E-1 2.21758E-1 2.22534E-1 2.23589E-1 2.25352E-1 2.28825E-1 2.35351E-1 2.45526E-1 2.57715E-1 2.67664E-1 2.70658E-1 2.65118E-1 2.53869E-1 6.50076E-1 3.24669E-1 8.43321E-3 9.30494E-3 1.19131E-1 2.20206E-1
2.22211E-1 2.23645E-1 2.25532E-1 2.2779E-1 2.30171E-1 2.32605E-1 2.35899E-1 2.41913E-1 2.52316E-1 2.66329E-1 2.79377E-1 2.8505E-1 3.88611E-1 3.67603E-1 9.40065E-1 2.38264E-1 6.66343E-2 1.8335E-1 2.21914E-1 2.20689E-1
2.25227E-1 2.28828E-1 2.33756E-1 2.39765E-1 2.45748E-1 2.50106E-1 2.52399E-1 2.54717E-1 2.60495E-1 2.71156E-1 2.83487E-1 3.47664E-1 3.75014E-1 3.92545E-1 2.89257E-1 3.44911E-1 8.33983E-3 2.27774E-1 2.2382E-1 2.21644E-1
2.29684E-1 2.36992E-1 2.47553E-1 2.61133E-1 2.75216E-1 1.56739E-1 9.55761E-2 2.81406E-1 2.76324E-1 1.7803E-1 6.26289E-1 2.88156E-1 1.83522E-1 8.7952E-1 4.22033E-1 9.99605E-1 4.24755E-2 2.3203E-1 2.26593E-1 2.23152E-1
2.34241E-1 2.4613E-1 2.64401E-1 2.89491E-1 4.55642E-1 2.24924E-1 7.26372E-1 5.09433E-1 5.36491E-1 6.23837E-1 3.27073E-1 6.3437E-1 9.88871E-1 2.74309E-1 2.64534E-1 8.27774E-1 2.50697E-5 7.70253E-2 2.29535E-1 2.24886E-1
2.36633E-1 2.51963E-1 2.76965E-1 3.13561E-1 6.07555E-1 4.41569E-2 8.36946E-1 8.74399E-1 3.15976E-1 3.0426E-1 2.83019E-1 7.74593E-1 6.00534E-1 8.05031E-1 6.45943E-1 4.93679E-1 3.65145E-2 1.92178E-2 2.31258E-1 2.26076E-1
2.35416E-1 2.50965E-1 2.77612E-1 5.64345E-1 3.28983E-1 3.30813E-1 7.15972E-1 6.90943E-1 5.70184E-1 5.72696E-1 9.00506E-1 7.53726E-3 5.69482E-1 2.55317E-1 3.56053E-1 2.46432E-1 7.59507E-1 5.10047E-2 2.30713E-1 2.2603E-1
2.31354E-1 2.4379E-1 4.88414E-1 3.91399E-1 6.0488E-2 8.84706E-1 4.68686E-1 7.43881E-1 4.20846E-1 9.76924E-1 5.57007E-1 2.55572E-1 2.5053E-1 2.45714E-1 2.42286E-1 2.86373E-1 8.99184E-1 2.25018E-3 9.2206E-2 2.24805E-1
2.26659E-1 2.34582E-1 7.95167E-1 9.56388E-1 1.27258E-1 7.45953E-1 8.48505E-1 6.74327E-1 8.78877E-1 9.30029E-1 5.59368E-1 8.86601E-1 2.45683E-1 2.40637E-1 2.3704E-1 2.34001E-1 5.78412E-1 3.18085E-1 1.2404E-1 2.23215E-1
5.87573E-1 4.98231E-1 6.86115E-1 2.90736E-1 8.84014E-2 9.52271E-1 5.00467E-1 6.46832E-1 5.59651E-1 3.98648E-1 6.09913E-1 6.09315E-1 2.88785E-1 2.41029E-1 2.37204E-1 2.335E-1 4.91728E-1 4.2036E-1 7.68339E-1 1.98914E-1
5.50875E-1 6.32361E-1 4.87855E-1 3.73959E-1 1.39818E-1 4.71102E-1 8.43988E-1 1.92742E-1 3.58015E-1 6.82566E-1 4.83366E-1 2.76358E-1 6.46377E-1 8.69361E-1 2.88838E-1 2.83877E-1 8.52546E-1 3.88144E-1 1.30531E-1 5.92764E-1
9.49152E-1 1.98436E-1 7.98543E-1 2.63519E-1 3.53655E-3 9.42063E-1 3.82635E-1 3.0173E-1 6.33531E-1 5.53175E-1 4.03561E-1 7.85001E-1 7.87612E-1 3.69697E-1 2.45685E-1 3.64365E-1 5.75888E-1 6.59374E-1 4.14661E-1 6.40436E-1
7.7604E-1 4.55436E-1 7.435E-1 5.88157E-1 1.81696E-2 6.43701E-1 4.08745E-1 6.56094E-1 3.38658E-1 4.6035E-1 4.22597E-1 6.15891E-1 5.30687E-1 6.58451E-1 5.05449E-1 6.88711E-1 9.66709E-1 1.51791E-1 4.67932E-1 8.85405E-2
1.61297E-1 3.12078E-1 7.06856E-1 3.76482E-1 2.20371E-1 2.20728E-1 2.21259E-1 3.34572E-1 2.96031E-1 5.88831E-2 4.20128E-1 7.5985E-1 7.82475E-1 2.45261E-1 4.26514E-1 6.29341E-1 2.80376E-1 7.24579E-1 3.27197E-1 6.6558E-2
1.58048E-1 1.59211E-1 1.62016E-1 1.67999E-1 1.79758E-1 2.03664E-1 2.20271E-1 2.20754E-1 2.21858E-1 1.15247E-1 9.737E-1 7.03348E-1 7.33485E-1 2.42936E-1 3.38793E-1 2.73354E-1 8.89405E-1 3.41035E-1 1.80641E-1 8.16277E-2
1.57517E-1 1.57677E-1 1.58089E-1 1.59051E-1 1.6133E-1 1.67636E-1 1.88571E-1 2.20286E-1 2.21049E-1 2.22788E-1 3.39433E-1 6.82831E-1 6.64829E-1 8.67352E-1 8.6851E-1 5.94515E-1 6.70487E-1 4.2921E-1 2.27926E-1 2.22248E-1
1.57446E-1 1.57465E-1 1.57517E-1 1.57675E-1 1.5824E-1 1.6063E-1 1.7086E-1 2.12939E-1 2.20624E-1 2.21922E-1 2.24521E-1 2.28648E-1 5.08501E-1 7.14432E-1 2.3913E-1 9.91699E-1 2.32585E-1 1.71508E-1 1.34669E-2 2.21698E-1
1.57439E-1 1.57441E-1 1.57448E-1 1.57482E-1 1.57679E-1 1.58767E-1 1.64051E-1 1.86539E-1 2.20319E-1 2.21167E-1 2.22951E-1 2.25915E-1 2.29666E-1 6.10832E-1 2.78406E-1 6.08636E-1 3.33232E-1 2.64119E-3 2.22984E-1 2.21215E-1
