최종데이터/accident_6.asc
ncols         20
nrows         20
xllcorner     202043.92331028884
yllcorner     551161.691323056
cellsize      243.329816402587
NODATA_value  -9999
2.20967E-1 2.50949E-1 2.57614E-1 2.5786E-1 2.58516E-1 2.60159E-1 2.63659E-1 2.69745E-1 2.78127E-1 2.86777E-1 2.92408E-1 2.92435E-1 2.86903E-1 2.78389E-1 3.54686E-1 2.64096E-1 2.87212E-1 2.25866E-1 2.57687E-1 2.15551E-1
2.57809E-1 2.58057E-1 2.58405E-1 2.58972E-1 2.60116E-1 2.62721E-1 2.68328E-1 2.78577E-1 2.93652E-1 3.10498E-1 3.22881E-1 3.24896E-1 3.15577E-1 2.99606E-1 5.82182E-1 7.05525E-1 2.25357E-1 2.38621E-1 2.58204E-1 2.5761E-1
2.5899E-1 2.59917E-1 2.6113E-1 2.62685E-1 2.64804E-1 2.68357E-1 2.75397E-1 2.88771E-1 3.09979E-1 3.35895E-1 3.57403E-1 3.6393E-1 3.5187E-1 3.27662E-1 3.45395E-1 5.27549E-1 1.81353E-1 1.26455E-1 2.53596E-1 2.58029E-1
2.62037E-1 2.64916E-1 2.6872E-1 2.73294E-1 2.7814E-1 2.83121E-1 2.89903E-1 3.024E-1 3.24351E-1 3.54499E-1 3.83068E-1 3.95608E-1 2.56107E-1 4.66039E-1 8.91547E-1 2.948E-1 2.05842E-1 2.69615E-1 2.61442E-1 2.58991E-1
2.68103E-1 2.75402E-1 2.85485E-1 2.9792E-1 3.10447E-1 3.19655E-1 3.24528E-1 3.29472E-1 3.41873E-1 3.65019E-1 3.92147E-1 4.42878E-1 3.67954E-1 3.47666E-1 9.58714E-1 3.03937E-1 9.68905E-2 2.73261E-1 2.65267E-1 2.60901E-1
2.77146E-1 2.92163E-1 3.14251E-1 3.43249E-1 3.73912E-1 3.87527E-1 3.67895E-1 3.87546E-1 3.76346E-1 2.50597E-1 6.41576E-1 4.02501E-1 2.23172E-1 6.01353E-1 5.35789E-1 1.76436E-1 1.75565E-1 2.81942E-1 2.70865E-1 2.63925E-1
2.86483E-1 3.11251E-1 3.50316E-1 4.05469E-1 4.87322E-1 8.25544E-1 6.73657E-1 3.28584E-1 3.85808E-1 5.87603E-1 1.90043E-1 5.329E-1 1.27569E-1 3.71922E-1 3.50604E-1 7.06628E-1 1.1135E-1 2.65952E-1 2.76842E-1 2.67416E-1
2.9142E-1 3.23601E-1 3.77755E-1 4.59364E-1 6.16017E-1 8.16622E-1 6.97671E-1 6.49112E-1 3.91522E-1 4.38471E-1 3.91112E-1 7.10895E-1 6.64412E-1 7.90801E-1 5.7631E-1 2.14374E-1 1.6987E-1 2.25316E-1 2.80361E-1 2.69819E-1
2.88905E-1 3.21479E-1 3.79178E-1 6.30239E-1 4.93521E-1 7.53044E-1 9.23936E-1 9.46426E-1 4.02644E-1 9.93568E-1 3.92965E-1 4.50326E-1 1.36191E-1 3.30756E-1 7.44924E-1 4.06216E-1 3.44044E-1 2.40909E-1 2.79248E-1 2.69727E-1
2.80558E-1 3.06332E-1 3.87477E-1 3.96523E-1 8.3304E-1 7.83757E-1 9.49934E-1 8.42583E-1 8.46663E-1 9.31974E-1 6.4168E-1 2.23324E-1 3.20555E-1 3.10376E-1 3.03181E-1 2.96669E-1 1.78489E-1 1.37033E-1 2.54938E-1 2.67252E-1
2.70998E-1 2.87185E-1 6.16591E-1 5.11632E-1 7.04329E-1 9.95364E-1 6.96574E-1 9.96182E-1 9.97086E-1 7.46773E-1 2.7798E-1 8.72488E-1 3.1031E-1 2.99737E-1 2.92262E-1 2.85989E-1 3.09357E-1 3.67668E-1 9.31141E-2 2.64052E-1
4.3968E-1 2.99969E-1 5.18236E-1 5.99877E-1 6.86944E-1 6.24297E-1 6.8397E-1 9.95807E-1 1.3346E-1 3.8667E-1 5.08394E-1 3.53486E-1 2.0141E-1 3.00556E-1 2.92602E-1 2.84959E-1 5.78732E-1 5.34722E-1 3.30167E-1 6.64158E-1
6.04319E-1 2.77032E-1 4.13299E-1 6.06626E-1 2.32038E-1 7.2051E-1 8.91758E-1 2.18578E-1 2.89783E-1 2.34958E-1 4.48119E-1 5.20025E-1 9.11344E-1 7.51863E-1 3.01107E-1 2.92197E-1 5.60226E-1 2.03184E-1 9.00044E-2 1.93587E-1
2.48502E-1 7.80267E-2 3.2141E-1 6.47527E-1 1.51356E-1 8.9324E-1 5.92602E-1 6.66411E-1 2.01873E-1 8.63168E-1 1.43913E-1 3.26844E-1 7.47073E-1 4.14276E-1 3.10313E-1 7.83912E-1 3.03418E-1 9.90567E-1 2.28322E-1 2.37395E-1
4.1679E-1 2.33512E-1 3.70133E-1 3.6505E-1 1.02469E-1 4.3899E-1 2.07861E-1 2.6955E-1 5.71018E-1 3.82667E-1 2.19247E-1 7.33222E-1 8.43405E-1 7.15432E-1 2.98356E-1 4.81018E-1 9.90044E-1 2.49585E-1 2.10093E-1 1.61804E-1
1.90014E-1 1.98423E-1 3.50097E-1 4.68131E-1 2.58358E-1 2.5907E-1 2.6013E-1 2.6132E-1 2.40801E-1 7.01006E-1 4.67869E-1 6.43335E-1 9.66454E-1 4.03246E-1 4.66986E-1 4.24545E-1 5.72371E-1 7.11762E-1 1.44815E-1 1.84569E-1
1.77062E-1 1.8163E-1 1.92958E-1 2.1853E-1 2.57552E-1 2.57747E-1 2.58158E-1 2.59121E-1 2.61331E-1 2.42626E-1 6.0481E-1 5.06072E-1 7.98417E-1 3.97358E-1 1.96832E-1 4.00828E-1 5.03509E-1 2.95751E-1 2.00359E-1 2.29675E-1
1.74996E-1 1.75619E-1 1.77221E-1 1.81E-1 1.90148E-1 2.16923E-1 2.57627E-1 2.58187E-1 2.5971E-1 2.63194E-1 4.10969E-1 7.19651E-1 6.52707E-1 4.17092E-1 8.0318E-1 9.31897E-1 7.55095E-1 1.96706E-1 2.57406E-1 2.62112E-1
1.74725E-1 1.74796E-1 1.74999E-1 1.75609E-1 1.7781E-1 1.87307E-1 2.31434E-1 2.57818E-1 2.58862E-1 2.61458E-1 2.6668E-1 2.75036E-1 2.94896E-1 2.55287E-1 2.966E-1 7.28451E-1 2.8308E-1 1.9696E-1 1.75095E-1 2.61009E-1
1.74696E-1 1.74704E-1 1.74731E-1 1.74864E-1 1.75625E-1 1.79879E-1 2.01439E-1 2.5761E-1 2.58254E-1 2.59947E-1 2.63521E-1 2.69494E-1 2.7711E-1 2.58275E-1 7.25077E-1 7.76073E-1 3.30358E-1 1.03918E-1 2.63587E-1 2.60044E-1
