최종데이터/accident_4.asc
ncols         20
nrows         20
xllcorner     202043.92331028884
yllcorner     551161.691323056
cellsize      243.329816402587
NODATA_value  -9999
1.69926E-1 1.70065E-1 1.70314E-1 1.70905E-1 1.72488E-1 1.76495E-1 1.85235E-1 2.01103E-1 2.24351E-1 2.5003E-1 2.67655E-1 2.67742E-1 2.50415E-1 2.25103E-1 2.57884E-1 2.93069E-1 2.38551E-1 8.18532E-2 1.7049E-1 1.69899E-1
1.70783E-1 1.71379E-1 1.72219E-1 1.73593E-1 1.76389E-1 1.82865E-1 1.97333E-1 2.25644E-1 2.71646E-1 3.28964E-1 3.71986E-1 3.7335E-1 3.4739E-1 2.91214E-1 5.31771E-1 4.44262E-1 1.04988E-1 1.12842E-1 1.71732E-1 1.70304E-1
1.73636E-1 1.75901E-1 1.78892E-1 1.82776E-1 1.88157E-1 1.97409E-1 2.16601E-1 2.56188E-1 3.27108E-1 3.80745E-1 3.94978E-1 3.99242E-1 3.91344E-1 3.75218E-1 5.58034E-1 2.14545E-1 4.66495E-2 3.13941E-2 1.22013E-1 1.71312E-1
1.81151E-1 1.88444E-1 1.9837E-1 2.10747E-1 2.24388E-1 2.38966E-1 2.59726E-1 3.00661E-1 3.72981E-1 3.93073E-1 4.11611E-1 4.19615E-1 3.80062E-1 5.71826E-1 9.52377E-1 2.75357E-1 1.16704E-1 1.89669E-1 1.79666E-1 1.7364E-1
1.96738E-1 2.16614E-1 2.46083E-1 2.85594E-1 3.28781E-1 3.62541E-1 3.73101E-1 3.76437E-1 3.84731E-1 3.99951E-1 4.17414E-1 5.29173E-1 3.83892E-1 7.42876E-1 8.07117E-1 3.14136E-1 4.72787E-2 2.10658E-1 1.89347E-1 1.78324E-1
2.21545E-1 2.66873E-1 3.42531E-1 3.85645E-1 4.05717E-1 3.08768E-1 2.52575E-1 4.14478E-1 4.07288E-1 3.36891E-1 8.20675E-1 4.23985E-1 6.07572E-1 8.47694E-1 6.43762E-1 7.90137E-1 8.29508E-2 2.35463E-1 2.04116E-1 1.85912E-1
2.49128E-1 3.31664E-1 3.9032E-1 4.2586E-1 5.87752E-1 5.51625E-1 6.36833E-1 5.7348E-1 4.87439E-1 5.61489E-1 5.92178E-1 6.34019E-1 4.12452E-1 4.0443E-1 3.9051E-1 8.94228E-1 4.78467E-3 1.48484E-1 2.20679E-1 1.94929E-1
2.64511E-1 3.72474E-1 4.08196E-1 4.59333E-1 6.64161E-1 2.55576E-1 6.82307E-1 7.47233E-1 4.16245E-1 4.46474E-1 4.16754E-1 8.84122E-1 7.49696E-1 9.07824E-1 7.95787E-1 3.24028E-1 1.09527E-1 8.44579E-2 2.30818E-1 2.01301E-1
2.56605E-1 3.69415E-1 4.09112E-1 6.87906E-1 5.8226E-1 4.92747E-1 8.715E-1 8.3208E-1 5.99387E-1 8.51298E-1 6.68146E-1 1.0733E-1 4.4224E-1 3.773E-1 6.33957E-1 4.17985E-1 3.73059E-1 1.00943E-1 2.2758E-1 2.01055E-1
2.31395E-1 3.14233E-1 5.06716E-1 4.01709E-1 4.1293E-1 7.582E-1 8.00288E-1 9.15733E-1 5.91224E-1 9.6263E-1 7.48598E-1 2.99494E-1 3.65923E-1 3.28526E-1 3.03332E-1 3.49542E-1 4.52825E-1 2.1523E-2 1.50506E-1 1.94502E-1
2.04476E-1 2.51282E-1 7.64464E-1 6.67858E-1 2.25238E-1 9.94029E-1 7.04633E-1 9.36931E-1 9.89478E-1 9.67615E-1 4.96396E-1 8.50556E-1 3.2829E-1 2.91652E-1 2.6719E-1 2.47619E-1 3.21237E-1 3.34834E-1 1.12768E-1 1.86234E-1
3.46313E-1 3.45382E-1 4.83521E-1 4.60642E-1 5.11606E-1 9.73776E-1 7.46152E-1 9.88284E-1 5.71081E-1 5.18974E-1 5.34289E-1 4.66343E-1 3.13827E-1 2.94405E-1 2.68274E-1 2.44491E-1 3.66727E-1 4.59323E-1 3.25037E-1 1.94931E-1
4.42139E-1 3.20276E-1 2.82651E-1 6.74349E-1 4.66228E-1 9.21304E-1 9.43585E-1 5.44948E-1 4.25532E-1 5.57044E-1 5.05075E-1 4.1324E-1 8.82293E-1 8.27158E-1 3.66922E-1 3.32432E-1 6.83755E-1 4.62906E-1 1.11147E-1 2.07756E-1
9.01688E-1 9.17487E-2 3.07321E-1 3.36613E-1 2.77037E-2 9.80046E-1 3.90315E-1 3.19382E-1 4.77849E-1 7.28604E-1 2.96455E-1 5.54392E-1 8.17782E-1 6.37113E-1 3.28303E-1 7.93152E-1 3.89704E-1 9.03668E-1 3.43473E-1 2.5081E-1
4.33551E-1 2.39368E-1 3.55161E-1 3.56366E-1 4.36758E-2 4.44317E-1 1.98692E-1 2.91644E-1 2.86595E-1 5.48945E-1 4.48682E-1 6.92955E-1 9.58359E-1 6.42899E-1 3.95006E-1 5.4626E-1 9.80202E-1 6.533E-1 4.65378E-1 6.43612E-2
1.69764E-1 1.98168E-1 3.0838E-1 2.68654E-1 1.72106E-1 1.73833E-1 1.76424E-1 1.70647E-1 1.68464E-1 1.28445E-1 3.6305E-1 5.2833E-1 8.74134E-1 4.07685E-1 3.56604E-1 5.77935E-1 3.79298E-1 8.33505E-1 2.86262E-1 7.60475E-2
1.69689E-1 1.69716E-1 1.6978E-1 1.69914E-1 1.70165E-1 1.70634E-1 1.71623E-1 1.73957E-1 1.7939E-1 1.00188E-1 8.52991E-1 2.88194E-1 6.3466E-1 3.87599E-1 4.39032E-1 6.48914E-1 5.04516E-1 3.04635E-1 1.81971E-1 8.26764E-2
1.69677E-1 1.6968E-1 1.6969E-1 1.69712E-1 1.69764E-1 1.69906E-1 1.70344E-1 1.71693E-1 1.75395E-1 1.84059E-1 2.79559E-1 8.3115E-1 5.51726E-1 3.85278E-1 7.71061E-1 7.50196E-1 5.58277E-1 1.88284E-1 1.31788E-1 1.81337E-1
1.69675E-1 1.69675E-1 1.69677E-1 1.6968E-1 1.69693E-1 1.69748E-1 1.69976E-1 1.70803E-1 1.73327E-1 1.79705E-1 1.93006E-1 2.15589E-1 4.79766E-1 3.48991E-1 2.81236E-1 9.79752E-1 2.38843E-1 1.12135E-1 5.26837E-2 1.78591E-1
1.69675E-1 1.69675E-1 1.69675E-1 1.69676E-1 1.6968E-1 1.69706E-1 1.69826E-1 1.70303E-1 1.71854E-1 1.75973E-1 1.84887E-1 2.00431E-1 2.21443E-1 3.30197E-1 4.18022E-1 6.921E-1 2.46727E-1 2.23659E-2 1.85053E-1 1.76211E-1
