최종데이터/accident_lowerci.asc
ncols         20
nrows         20
xllcorner     202043.92331028884
yllcorner     551161.691323056
cellsize      243.329816402587
NODATA_value  -9999
6.02084E-2 6.25794E-2 6.70371E-2 6.96413E-2 7.85735E-2 9.82669E-2 1.16475E-1 1.20315E-1 1.25678E-1 1.34577E-1 1.46835E-1 1.46861E-1 1.34927E-1 1.25847E-1 1.34656E-1 1.02245E-1 1.18515E-1 3.35838E-2 6.93468E-2 5.97614E-2
6.95545E-2 6.99782E-2 7.53038E-2 9.00932E-2 9.79587E-2 1.15887E-1 1.19417E-1 1.25968E-1 1.47984E-1 1.63964E-1 1.75822E-1 1.77044E-1 1.68938E-1 1.53541E-1 2.18266E-1 1.21976E-1 3.26939E-2 4.79177E-2 7.02298E-2 6.68414E-2
9.02122E-2 9.65491E-2 1.05443E-1 1.15865E-1 1.17194E-1 1.19435E-1 1.23922E-1 1.40219E-1 1.63459E-1 1.83745E-1 1.97016E-1 2.01089E-1 1.93582E-1 1.78724E-1 2.99091E-1 1.2581E-1 6.9211E-3 5.11475E-3 5.58088E-2 6.99303E-2
1.12565E-1 1.17265E-1 1.19665E-1 1.22575E-1 1.25687E-1 1.28914E-1 1.43506E-1 1.56183E-1 1.76713E-1 1.95212E-1 2.13153E-1 2.21161E-1 2.28745E-1 2.40901E-1 5.69959E-1 1.49048E-1 1.99766E-2 8.51857E-2 1.07844E-1 9.02229E-2
1.19275E-1 1.23925E-1 1.31013E-1 1.51957E-1 1.63914E-1 1.72984E-1 1.76821E-1 1.79825E-1 1.87412E-1 2.0177E-1 2.18943E-1 2.6397E-1 2.14514E-1 1.95443E-1 3.17179E-1 1.18714E-1 8.41333E-3 1.22554E-1 1.17486E-1 1.03707E-1
1.25046E-1 1.4661E-1 1.67633E-1 1.88258E-1 2.07358E-1 1.09385E-1 7.48081E-2 2.16003E-1 2.08894E-1 1.6139E-1 2.88139E-1 2.256E-1 1.49585E-1 4.56312E-1 1.63809E-1 1.83016E-1 7.80267E-3 1.28147E-1 1.21027E-1 1.16642E-1
1.33759E-1 1.64697E-1 1.92619E-1 2.27519E-1 2.89743E-1 3.00151E-1 3.41253E-1 2.85957E-1 2.41848E-1 2.76677E-1 1.90043E-1 2.87008E-1 9.36361E-2 2.06104E-1 1.92797E-1 3.63257E-1 3.75431E-5 5.09882E-2 1.2485E-1 1.1884E-1
1.45927E-1 1.76259E-1 2.09785E-1 2.63253E-1 4.0699E-1 1.43071E-1 4.20784E-1 4.91853E-1 2.21115E-1 2.49194E-1 2.18281E-1 3.36008E-1 3.82904E-1 5.54637E-1 2.8198E-1 8.40585E-2 1.35783E-2 1.76624E-2 1.27122E-1 1.20362E-1
1.40605E-1 1.74809E-1 2.10686E-1 5.02007E-1 2.70896E-1 2.58306E-1 5.25359E-1 5.70101E-1 3.09895E-1 4.11996E-1 2.85715E-1 1.13773E-2 6.39456E-2 1.80607E-1 2.58379E-1 1.93284E-1 1.62423E-1 3.17526E-2 1.26401E-1 1.20304E-1
1.2725E-1 1.59938E-1 2.81035E-1 2.39179E-1 6.28772E-2 4.72616E-1 4.05977E-1 5.49759E-1 3.84808E-1 6.79227E-1 4.46518E-1 1.29344E-1 1.73883E-1 1.63845E-1 1.56926E-1 1.52413E-1 1.71239E-1 1.85946E-3 6.05646E-2 1.18737E-1
1.21112E-1 1.35717E-1 5.31255E-1 3.69619E-1 1.48165E-1 7.45953E-1 5.2052E-1 7.50572E-1 6.13892E-1 5.3734E-1 1.89806E-1 4.60963E-1 1.63781E-1 1.53664E-1 1.46701E-1 1.32395E-1 1.27055E-1 1.80113E-1 2.65583E-2 1.16721E-1
1.60902E-1 1.54061E-1 1.63855E-1 2.17168E-1 6.21743E-2 5.37595E-1 4.47174E-1 6.46832E-1 1.76959E-1 2.31782E-1 2.02881E-1 2.14512E-1 9.6998E-2 1.54436E-1 1.47014E-1 1.30113E-1 1.72107E-1 2.35367E-1 1.04508E-1 8.40383E-2
2.68431E-1 1.35825E-1 1.03759E-1 2.25237E-1 8.87614E-2 4.12667E-1 7.11324E-1 4.80979E-2 1.74468E-1 1.74303E-1 1.9452E-1 1.53754E-1 4.75706E-1 5.38803E-1 1.58408E-1 1.39284E-1 2.55998E-1 1.13738E-1 3.57995E-2 1.15572E-1
1.28027E-1 2.39048E-2 2.27091E-1 1.5019E-1 3.53655E-3 5.75445E-1 2.17001E-1 2.01618E-1 1.04615E-1 3.54888E-1 3.21338E-2 2.0969E-1 4.37385E-1 1.22007E-1 1.63785E-1 3.73349E-1 1.32914E-1 2.36924E-1 1.38268E-1 9.76468E-2
1.13364E-1 8.36294E-2 6.58242E-2 1.29643E-1 5.34185E-3 6.52576E-2 8.12417E-2 1.18925E-1 1.06348E-1 1.6908E-1 8.41328E-2 3.19178E-1 4.60897E-1 3.12641E-1 1.63353E-1 1.38214E-1 8.29877E-1 1.51791E-1 6.58899E-2 2.42101E-2
5.7562E-2 6.99648E-2 1.1557E-1 1.16905E-1 7.39622E-2 9.07493E-2 9.80623E-2 9.46523E-2 8.44222E-2 4.02634E-2 1.71816E-1 3.82995E-1 5.99261E-1 1.91618E-1 1.83994E-1 2.75331E-1 1.95116E-1 6.50033E-1 8.50285E-2 2.44838E-2
5.63794E-2 5.68022E-2 5.7824E-2 6.0008E-2 6.43226E-2 6.94491E-2 7.01518E-2 9.10887E-2 1.06982E-1 4.60508E-2 4.45915E-1 1.367E-1 5.36284E-1 1.88329E-1 8.33838E-2 1.9383E-1 1.91357E-1 1.23E-1 7.36245E-2 3.48509E-2
5.61861E-2 5.62445E-2 5.63943E-2 5.67443E-2 5.75739E-2 5.98752E-2 6.75758E-2 7.02015E-2 9.51036E-2 1.16184E-1 1.3872E-1 3.69793E-1 2.64826E-1 2.27561E-1 4.67179E-1 3.36123E-1 2.66993E-1 2.78577E-2 4.05688E-2 1.13171E-1
5.61606E-2 5.61672E-2 5.61864E-2 5.62436E-2 5.64491E-2 5.73189E-2 6.1055E-2 6.95693E-2 8.93731E-2 1.07967E-1 1.18376E-1 1.2369E-1 1.34001E-1 2.40367E-1 1.50723E-1 4.87899E-1 1.28887E-1 5.78569E-2 1.01736E-2 1.04521E-1
5.61579E-2 5.61586E-2 5.61611E-2 5.61736E-2 5.62451E-2 5.66409E-2 5.85659E-2 6.68243E-2 7.10582E-2 9.67578E-2 1.16389E-1 1.20156E-1 1.25023E-1 1.27434E-1 2.03674E-1 3.19097E-1 1.35158E-1 2.18311E-3 1.1643E-1 9.74446E-2
