최종데이터/accident_5.asc
ncols         20
nrows         20
xllcorner     202043.92331028884
yllcorner     551161.691323056
cellsize      243.329816402587
NODATA_value  -9999
6.02084E-2 6.25794E-2 6.70371E-2 7.88184E-2 1.20636E-1 3.25273E-1 3.33755E-1 3.41059E-1 3.51087E-1 3.61395E-1 3.68082E-1 3.68115E-1 3.61544E-1 3.51399E-1 4.05675E-1 3.24389E-1 5.1903E-1 7.37851E-2 7.03463E-2 5.97614E-2
7.6227E-2 8.96573E-2 1.1234E-1 1.60866E-1 3.17565E-1 3.32627E-1 3.3936E-1 3.51624E-1 3.69558E-1 3.89453E-1 4.03976E-1 4.06331E-1 3.9542E-1 3.76608E-1 7.82017E-1 3.47124E-1 1.8076E-1 2.0776E-1 9.86238E-2 6.68414E-2
1.62678E-1 2.83809E-1 3.30714E-1 3.32585E-1 3.35131E-1 3.39395E-1 3.47824E-1 3.63764E-1 3.88841E-1 4.19146E-1 4.44006E-1 4.51497E-1 4.37637E-1 4.09561E-1 6.26202E-1 4.28956E-1 8.85853E-2 7.00666E-2 1.83262E-1 8.80378E-2
3.31805E-1 3.35265E-1 3.3983E-1 3.45309E-1 3.51102E-1 3.57042E-1 3.65109E-1 3.79909E-1 4.05694E-1 4.40665E-1 4.73317E-1 4.87494E-1 4.28272E-1 6.15805E-1 7.46891E-1 3.70918E-1 1.52988E-1 3.47849E-1 3.31089E-1 1.62843E-1
3.3909E-1 3.4783E-1 3.59856E-1 3.74613E-1 3.89392E-1 4.00201E-1 4.05902E-1 4.11671E-1 4.26083E-1 4.52744E-1 4.83591E-1 5.01608E-1 4.61359E-1 6.03634E-1 7.46635E-1 3.45152E-1 8.34893E-2 3.4527E-1 3.35687E-1 3.30438E-1
3.49914E-1 3.67792E-1 3.93863E-1 4.27677E-1 4.62905E-1 4.62021E-1 3.94283E-1 4.7839E-1 4.65678E-1 3.92619E-1 5.04723E-1 4.95247E-1 3.24874E-1 6.89762E-1 4.55139E-1 7.33636E-1 1.11506E-1 3.55637E-1 3.42401E-1 3.34075E-1
3.61045E-1 3.90338E-1 4.35844E-1 4.98576E-1 5.36865E-1 7.58314E-1 5.09215E-1 4.24397E-1 3.7968E-1 6.00462E-1 2.43133E-1 6.1425E-1 5.66334E-1 4.60635E-1 4.36176E-1 7.51081E-1 2.18303E-2 2.86656E-1 3.49551E-1 3.38266E-1
3.6691E-1 4.04818E-1 4.67281E-1 5.58065E-1 5.68179E-1 6.26097E-1 9.09269E-1 8.2399E-1 5.88323E-1 5.35223E-1 4.82422E-1 9.41436E-1 6.26785E-1 8.7862E-1 7.70812E-1 4.26776E-1 7.51427E-2 1.72272E-1 3.53752E-1 3.41147E-1
3.63923E-1 4.02336E-1 4.68899E-1 8.54419E-1 6.09774E-1 8.86812E-1 8.36161E-1 8.3323E-1 4.56319E-1 8.84231E-1 6.54053E-1 1.85472E-1 4.81745E-1 4.13167E-1 5.09046E-1 4.61676E-1 4.42105E-1 2.43482E-1 3.52424E-1 3.41037E-1
3.53988E-1 3.84547E-1 6.24653E-1 4.93964E-1 3.44993E-1 8.75466E-1 8.74702E-1 9.30201E-1 7.03941E-1 7.88574E-1 7.14169E-1 3.54617E-1 4.01254E-1 3.89309E-1 3.80831E-1 3.20366E-1 3.46361E-1 4.30887E-2 1.92887E-1 3.3807E-1
3.42561E-1 3.6188E-1 7.84239E-1 7.88068E-1 6.42415E-1 9.99585E-1 7.64353E-1 9.97082E-1 9.65366E-1 8.39915E-1 4.22261E-1 7.74718E-1 3.89231E-1 3.76762E-1 3.67909E-1 3.60457E-1 5.08319E-1 5.0271E-1 1.20736E-1 3.34227E-1
6.2241E-1 4.71442E-1 5.49565E-1 4.5885E-1 2.75206E-1 8.3185E-1 8.28706E-1 9.81651E-1 5.53155E-1 4.30525E-1 3.30104E-1 5.92877E-1 2.75464E-1 3.7773E-1 3.68312E-1 3.59232E-1 3.09502E-1 7.21806E-1 3.00362E-1 4.10715E-1
6.10548E-1 5.08383E-1 7.87364E-1 4.02453E-1 2.32441E-1 9.36014E-1 8.55556E-1 9.30574E-2 3.3088E-1 4.91733E-1 4.7631E-1 3.48647E-1 9.31774E-1 7.07721E-1 3.25075E-1 3.15617E-1 7.87967E-1 3.57962E-1 2.03963E-1 3.127E-1
2.73072E-1 1.10388E-1 5.13793E-1 4.65124E-1 5.89132E-2 7.93302E-1 5.10154E-1 4.17204E-1 6.61724E-1 6.76539E-1 7.00238E-1 7.19125E-1 8.08096E-1 1.97163E-1 3.89235E-1 7.28136E-1 4.00388E-1 8.4998E-1 2.9187E-1 3.4507E-1
8.87873E-2 1.09317E-1 3.12357E-1 3.16801E-1 6.51342E-2 7.18344E-1 2.26515E-1 3.99434E-1 3.56862E-1 2.48201E-1 5.18852E-1 8.06335E-1 8.22891E-1 3.57842E-1 2.89976E-1 4.8221E-1 8.9662E-1 5.92273E-1 3.4773E-1 1.18999E-1
5.7562E-2 6.99648E-2 1.24778E-1 1.16905E-1 1.08998E-1 1.71061E-1 3.20145E-1 3.31652E-1 3.10181E-1 5.10805E-1 4.2269E-1 8.58479E-1 8.20338E-1 4.58473E-1 5.54915E-1 4.78877E-1 4.34161E-1 7.23298E-1 2.90457E-1 1.70191E-1
5.63794E-2 5.68022E-2 5.7824E-2 6.0008E-2 6.43226E-2 7.31885E-2 9.576E-2 1.76528E-1 3.30956E-1 2.62421E-1 6.74273E-1 3.40816E-1 8.95453E-1 4.52112E-1 3.289E-1 4.44833E-1 4.3044E-1 2.75086E-1 1.85327E-1 2.28434E-1
5.61861E-2 5.62445E-2 5.63943E-2 5.67443E-2 5.75739E-2 5.98752E-2 6.75758E-2 9.75746E-2 2.51781E-1 3.33197E-1 4.46163E-1 9.89255E-1 6.07448E-1 8.40142E-1 7.88241E-1 6.9469E-1 6.6287E-1 4.43305E-1 2.59558E-1 3.31895E-1
5.61606E-2 5.61672E-2 5.61864E-2 5.62436E-2 5.64491E-2 5.73189E-2 6.1055E-2 7.66644E-2 1.50236E-1 3.31108E-1 3.37383E-1 3.47393E-1 4.34668E-1 4.74376E-1 3.7305E-1 6.41441E-1 3.56993E-1 2.89212E-1 8.17063E-2 3.30568E-1
5.61579E-2 5.61586E-2 5.61611E-2 5.61736E-2 5.62451E-2 5.66409E-2 5.85659E-2 6.68243E-2 1.01894E-1 2.88651E-1 3.3359E-1 3.40758E-1 3.49872E-1 3.65083E-1 5.0478E-1 7.84454E-1 3.08985E-1 4.37883E-2 3.33669E-1 3.04968E-1
