최종데이터/accident_15.asc
ncols         20
nrows         20
xllcorner     202043.92331028884
yllcorner     551161.691323056
cellsize      243.329816402587
NODATA_value  -9999
1.14346E-1 1.28302E-1 1.57177E-1 2.49626E-1 2.55231E-1 2.57045E-1 2.60914E-1 2.67654E-1 2.7696E-1 2.86592E-1 2.92875E-1 2.92906E-1 2.86732E-1 2.77252E-1 2.68005E-1 3.78405E-1 2.57098E-1 1.1358E-1 1.80827E-1 1.11823E-1
2.2737E-1 2.54724E-1 2.55109E-1 2.55734E-1 2.56998E-1 2.59877E-1 2.66084E-1 2.77461E-1 2.94266E-1 3.13136E-1 3.24228E-1 3.25926E-1 3.18063E-1 3.00925E-1 6.423E-1 2.75265E-1 1.47949E-1 7.63769E-2 2.54886E-1 1.55837E-1
2.55754E-1 2.56778E-1 2.58118E-1 2.59838E-1 2.62181E-1 2.66115E-1 2.73926E-1 2.88815E-1 3.12552E-1 3.35172E-1 3.53154E-1 3.58588E-1 3.4854E-1 3.28255E-1 7.49198E-1 2.3468E-1 4.03356E-2 1.43177E-2 2.01822E-1 2.54693E-1
2.59121E-1 2.62305E-1 2.66517E-1 2.7159E-1 2.76975E-1 2.82517E-1 2.90079E-1 3.04054E-1 3.25467E-1 3.50733E-1 3.74465E-1 3.84828E-1 6.73543E-1 6.51525E-1 7.01624E-1 2.95548E-1 1.45424E-1 2.10189E-1 2.58463E-1 2.55756E-1
2.65834E-1 2.73931E-1 2.85151E-1 2.99038E-1 3.13078E-1 3.21507E-1 3.25616E-1 3.29777E-1 3.40183E-1 3.59494E-1 3.81971E-1 4.31757E-1 4.06999E-1 8.71314E-1 3.72493E-1 3.93808E-1 3.16796E-2 2.71554E-1 2.62694E-1 2.57865E-1
2.75869E-1 2.92602E-1 3.16941E-1 3.41335E-1 3.66879E-1 3.09229E-1 2.26775E-1 3.78169E-1 3.68898E-1 3.69738E-1 5.48234E-1 3.90514E-1 4.25481E-1 6.77483E-1 5.67461E-1 9.99111E-1 1.1315E-1 2.81204E-1 2.68896E-1 2.61209E-1
2.86264E-1 3.13981E-1 3.47242E-1 3.92959E-1 3.19206E-1 4.127E-1 6.12244E-1 5.67987E-1 3.33232E-1 5.53727E-1 7.08521E-1 7.27886E-1 7.19251E-1 3.65228E-1 3.47483E-1 8.41034E-1 4.37138E-4 1.64824E-1 2.75531E-1 2.65072E-1
2.91772E-1 3.24835E-1 3.70065E-1 4.37165E-1 4.18051E-1 3.3751E-1 6.30666E-1 7.28854E-1 4.1515E-1 4.20065E-1 3.81116E-1 9.76186E-1 6.64744E-1 8.74923E-1 6.9788E-1 5.71881E-1 7.98852E-2 6.55457E-2 2.79445E-1 2.67736E-1
2.88965E-1 3.23046E-1 3.71244E-1 4.4655E-1 5.4491E-1 5.39213E-1 7.24099E-1 8.79149E-1 5.56453E-1 6.32856E-1 6.64467E-1 3.56393E-2 6.42741E-1 3.30857E-1 3.91242E-1 3.15315E-1 4.71604E-1 6.00948E-2 2.78206E-1 2.67634E-1
2.79664E-1 3.0846E-1 3.49981E-1 4.32484E-1 2.93052E-1 6.47849E-1 7.54493E-1 7.2756E-1 5.65472E-1 8.30698E-1 6.94339E-1 3.63194E-1 3.22266E-1 3.12998E-1 3.04929E-1 4.04086E-1 7.12788E-1 5.92135E-3 1.46805E-1 2.64892E-1
2.69044E-1 2.87047E-1 8.32304E-1 5.30347E-1 6.27922E-1 9.99475E-1 9.45029E-1 9.39266E-1 6.10027E-1 7.41982E-1 4.93513E-1 9.56789E-1 3.12924E-1 3.01071E-1 2.92713E-1 2.85713E-1 2.85455E-1 5.39535E-1 1.93272E-1 2.61349E-1
2.80961E-1 3.69617E-1 5.40472E-1 3.85394E-1 2.31188E-1 9.6843E-1 4.5195E-1 7.99623E-1 7.04659E-1 2.56007E-1 4.21258E-1 3.36708E-1 4.49756E-1 3.01988E-1 2.93092E-1 2.84565E-1 2.37813E-1 2.69215E-1 5.90142E-1 2.82602E-1
5.57786E-1 4.94655E-1 5.8371E-1 2.87033E-1 3.5309E-1 6.98845E-1 8.09999E-1 1.36453E-1 2.63468E-1 6.4589E-1 6.63749E-1 4.31044E-1 8.32723E-1 7.74258E-1 4.10249E-1 3.97861E-1 7.12934E-1 3.05786E-1 3.71924E-1 4.49848E-1
9.66807E-1 4.08444E-1 5.80651E-1 3.22784E-1 2.11637E-2 8.70593E-1 6.03212E-1 4.29753E-1 5.83519E-1 6.64362E-1 7.50584E-1 5.49754E-1 9.0024E-1 4.37001E-1 3.12928E-1 8.02175E-1 3.0118E-1 6.47333E-1 8.06519E-1 4.24386E-1
6.21512E-1 3.68274E-1 8.66033E-1 3.89141E-1 4.45699E-2 8.78559E-1 2.1683E-1 4.13714E-1 2.09669E-1 3.15828E-1 7.32222E-1 5.75383E-1 9.54582E-1 7.17486E-1 2.52663E-1 7.76711E-1 9.73782E-1 6.75166E-1 6.38367E-1 6.7241E-2
9.99121E-2 1.29578E-1 6.52086E-1 5.37629E-1 2.55057E-1 2.55843E-1 2.57014E-1 2.78736E-1 2.75641E-1 2.64671E-1 3.95118E-1 6.9937E-1 8.97611E-1 3.12542E-1 2.55861E-1 4.58493E-1 3.61261E-1 8.92921E-1 6.90562E-1 6.52889E-2
9.38486E-2 9.59892E-2 1.01288E-1 1.13211E-1 1.39183E-1 2.02615E-1 2.54836E-1 2.55899E-1 2.5834E-1 1.60404E-1 7.44446E-1 5.14664E-1 6.32929E-1 3.0706E-1 3.79997E-1 4.02701E-1 6.14159E-1 4.64861E-1 2.19536E-1 1.25985E-1
9.28794E-2 9.31718E-2 9.3923E-2 9.56944E-2 9.99746E-2 1.12462E-1 1.60899E-1 2.54868E-1 2.5655E-1 2.604E-1 2.87941E-1 9.89111E-1 6.96157E-1 5.983E-1 8.19937E-1 4.77154E-1 7.01609E-1 6.58994E-1 2.90598E-1 2.59203E-1
9.27523E-2 9.27855E-2 9.2881E-2 9.3167E-2 9.41994E-2 9.86461E-2 1.19217E-1 2.31054E-1 2.55613E-1 2.5848E-1 2.64258E-1 2.73525E-1 7.45971E-1 6.15949E-1 2.97561E-1 7.90239E-1 2.82471E-1 2.50102E-1 2.49842E-2 2.57984E-1
9.27389E-2 9.27422E-2 9.2755E-2 9.28174E-2 9.31746E-2 9.51689E-2 1.05246E-1 1.5572E-1 2.54942E-1 2.56811E-1 2.60762E-1 2.67375E-1 2.7583E-1 4.25335E-1 3.16923E-1 4.06254E-1 3.14054E-1 1.03284E-2 2.60835E-1 2.56918E-1
