최종데이터/accident_avg.asc
ncols         20
nrows         20
xllcorner     202043.92331028884
yllcorner     551161.691323056
cellsize      243.329816402587
NODATA_value  -9999
1.38915E-1 1.46346E-1 1.52801E-1 1.66807E-1 1.72221E-1 1.88629E-1 1.97082E-1 2.13078E-1 2.27439E-1 2.39716E-1 2.48014E-1 2.48055E-1 2.39898E-1 2.27802E-1 2.66945E-1 2.52033E-1 2.57715E-1 1.0318E-1 1.56643E-1 1.37554E-1
1.63651E-1 1.68844E-1 1.71359E-1 1.76129E-1 1.88183E-1 1.94645E-1 2.09053E-1 2.28063E-1 2.49881E-1 2.76308E-1 2.9481E-1 2.97603E-1 2.84119E-1 2.58977E-1 5.48635E-1 3.53156E-1 1.14701E-1 1.21912E-1 1.69877E-1 1.52576E-1
1.76296E-1 1.86201E-1 1.90941E-1 1.94559E-1 1.99924E-1 2.09133E-1 2.23448E-1 2.42626E-1 2.75461E-1 3.12939E-1 3.40446E-1 3.4784E-1 3.34223E-1 3.01458E-1 5.25655E-1 2.97224E-1 8.75711E-2 4.8499E-2 1.49091E-1 1.68635E-1
1.93015E-1 2.00196E-1 2.10145E-1 2.1989E-1 2.27457E-1 2.34457E-1 2.44292E-1 2.63339E-1 2.96846E-1 3.37174E-1 3.69181E-1 3.81503E-1 4.24664E-1 5.58412E-1 7.60321E-1 2.51613E-1 1.45157E-1 1.87638E-1 1.91643E-1 1.76312E-1
2.08432E-1 2.23455E-1 2.37844E-1 2.56373E-1 2.76224E-1 2.90115E-1 2.97093E-1 3.03992E-1 3.21096E-1 3.49079E-1 3.78371E-1 4.37897E-1 3.75497E-1 6.12564E-1 6.4541E-1 3.08401E-1 5.89007E-2 2.19828E-1 2.01055E-1 1.90432E-1
2.2601E-1 2.47648E-1 2.82185E-1 3.22941E-1 3.59131E-1 3.27173E-1 2.80162E-1 3.74066E-1 3.61797E-1 3.037E-1 5.90467E-1 3.87758E-1 3.9909E-1 6.78493E-1 4.84785E-1 7.28801E-1 1.36446E-1 2.32782E-1 2.15311E-1 1.97825E-1
2.39289E-1 2.77538E-1 3.32449E-1 3.90456E-1 4.70352E-1 5.99049E-1 5.58997E-1 4.28798E-1 4.0749E-1 5.36306E-1 4.46292E-1 6.02691E-1 6.31755E-1 3.56955E-1 3.32804E-1 6.87802E-1 4.22883E-2 1.71925E-1 2.25562E-1 2.0657E-1
2.4654E-1 2.95807E-1 3.63341E-1 4.39976E-1 6.02644E-1 5.27219E-1 7.21377E-1 6.97265E-1 4.5543E-1 4.20671E-1 3.77415E-1 8.1306E-1 6.98716E-1 8.22109E-1 6.34571E-1 3.43146E-1 1.24944E-1 1.11245E-1 2.30555E-1 2.13294E-1
2.42823E-1 2.92818E-1 3.64903E-1 6.50973E-1 5.56176E-1 6.13673E-1 8.00051E-1 7.79707E-1 4.85519E-1 8.45352E-1 5.4692E-1 1.55871E-1 4.54779E-1 3.05795E-1 4.93291E-1 3.45749E-1 3.8443E-1 1.30395E-1 2.28997E-1 2.13027E-1
2.30832E-1 2.69574E-1 4.26864E-1 4.01761E-1 4.35548E-1 7.84864E-1 7.72652E-1 8.31807E-1 6.3016E-1 8.59053E-1 6.17614E-1 2.76716E-1 2.91446E-1 2.76108E-1 2.64568E-1 2.64423E-1 4.65693E-1 4.32661E-2 1.49573E-1 2.06135E-1
2.15568E-1 2.40309E-1 6.98565E-1 6.20304E-1 4.88612E-1 9.36499E-1 7.73973E-1 9.51991E-1 8.97449E-1 7.67816E-1 3.89448E-1 7.79918E-1 2.76E-1 2.5918E-1 2.47796E-1 2.38573E-1 3.44292E-1 3.95884E-1 1.2502E-1 1.98129E-1
3.64555E-1 2.98598E-1 4.21172E-1 3.84905E-1 4.51101E-1 8.45857E-1 6.58439E-1 8.69253E-1 5.11674E-1 3.75063E-1 3.84618E-1 3.91044E-1 2.50894E-1 2.60452E-1 2.48304E-1 2.37088E-1 3.45434E-1 4.26765E-1 3.20968E-1 2.70156E-1
5.23422E-1 3.22124E-1 4.49304E-1 4.20294E-1 2.72892E-1 7.09781E-1 8.47628E-1 2.71008E-1 2.97912E-1 4.28233E-1 5.02721E-1 3.5008E-1 7.59925E-1 7.56545E-1 2.71372E-1 2.57564E-1 6.40015E-1 3.23324E-1 1.44281E-1 2.61368E-1
6.31741E-1 1.33557E-1 4.00986E-1 3.49832E-1 5.60686E-2 7.91088E-1 4.69688E-1 4.46231E-1 4.71901E-1 6.06624E-1 3.63161E-1 5.01924E-1 7.92284E-1 3.65395E-1 2.76006E-1 6.75534E-1 2.93054E-1 7.20687E-1 3.47622E-1 2.49934E-1
3.7235E-1 2.12321E-1 4.27487E-1 3.12874E-1 1.08876E-1 4.69657E-1 1.89458E-1 2.90593E-1 3.24264E-1 3.28579E-1 3.97861E-1 5.87242E-1 7.95601E-1 5.45378E-1 2.89946E-1 4.68583E-1 9.51973E-1 4.51975E-1 3.89524E-1 8.31358E-2
1.31052E-1 1.66996E-1 3.35534E-1 3.5775E-1 1.71005E-1 1.77063E-1 1.88333E-1 2.03945E-1 2.00631E-1 2.88009E-1 3.45774E-1 5.9957E-1 8.41264E-1 3.41042E-1 3.82481E-1 4.32227E-1 3.48389E-1 8.31077E-1 3.57522E-1 9.50744E-2
1.2769E-1 1.28881E-1 1.3181E-1 1.38303E-1 1.49705E-1 1.60002E-1 1.69557E-1 1.77556E-1 1.91391E-1 1.4813E-1 6.72077E-1 4.26384E-1 7.17226E-1 3.31775E-1 3.15254E-1 3.8986E-1 4.45299E-1 2.7873E-1 1.52751E-1 1.26536E-1
1.27149E-1 1.27312E-1 1.27731E-1 1.28717E-1 1.31087E-1 1.379E-1 1.53421E-1 1.6976E-1 1.83949E-1 1.9581E-1 3.0278E-1 7.94963E-1 6.52191E-1 6.04117E-1 7.32712E-1 6.24534E-1 5.39458E-1 3.1261E-1 2.05231E-1 1.93191E-1
1.27078E-1 1.27096E-1 1.2715E-1 1.2731E-1 1.27885E-1 1.30353E-1 1.41527E-1 1.64181E-1 1.75134E-1 1.91679E-1 2.0463E-1 2.22923E-1 4.48158E-1 4.00554E-1 2.5435E-1 7.68189E-1 2.34398E-1 2.01462E-1 6.67091E-2 1.90671E-1
1.2707E-1 1.27072E-1 1.27079E-1 1.27114E-1 1.27314E-1 1.28425E-1 1.3398E-1 1.52556E-1 1.70237E-1 1.86489E-1 1.96703E-1 2.12349E-1 2.25957E-1 2.97326E-1 4.09659E-1 5.92536E-1 2.73723E-1 4.02088E-2 1.96884E-1 1.8745E-1
