최종데이터/accident_18.asc
ncols         20
nrows         20
xllcorner     202043.92331028884
yllcorner     551161.691323056
cellsize      243.329816402587
NODATA_value  -9999
1.65617E-1 1.67529E-1 1.68064E-1 1.68433E-1 1.6942E-1 1.71906E-1 1.77268E-1 1.86802E-1 1.98268E-1 2.07731E-1 2.13971E-1 2.14002E-1 2.07869E-1 1.98553E-1 2.20763E-1 3.01559E-1 1.71978E-1 3.48065E-2 1.68173E-1 1.6525E-1
1.68356E-1 1.68729E-1 1.69253E-1 1.70107E-1 1.71841E-1 1.75822E-1 1.84559E-1 1.98757E-1 2.15359E-1 2.34448E-1 2.48828E-1 2.51195E-1 2.40311E-1 2.22043E-1 8.66947E-1 2.39151E-1 5.90519E-2 3.43818E-2 1.68949E-1 1.68057E-1
1.70134E-1 1.71539E-1 1.73385E-1 1.75768E-1 1.79042E-1 1.84604E-1 1.95314E-1 2.09933E-1 2.33851E-1 2.64247E-1 2.90393E-1 2.98484E-1 2.83591E-1 2.54457E-1 6.36258E-1 2.07191E-1 6.51083E-3 5.11475E-3 7.38098E-2 1.68687E-1
1.74773E-1 1.79216E-1 1.85177E-1 1.92483E-1 1.98282E-1 2.03712E-1 2.11187E-1 2.25203E-1 2.50554E-1 2.86816E-1 3.2261E-1 3.38727E-1 3.52094E-1 5.59185E-1 8.13178E-1 2.16642E-1 1.42933E-2 9.43316E-2 1.73861E-1 1.70137E-1
1.84204E-1 1.95319E-1 2.06307E-1 2.20142E-1 2.34389E-1 2.45054E-1 2.50762E-1 2.56599E-1 2.71434E-1 2.99841E-1 3.34256E-1 3.76115E-1 3.42395E-1 6.97956E-1 4.43205E-1 2.97656E-1 8.41333E-3 1.92431E-1 1.79762E-1 1.73035E-1
1.97204E-1 2.13698E-1 2.38776E-1 2.73097E-1 3.10994E-1 1.55771E-1 1.03101E-1 3.28338E-1 3.14069E-1 3.15354E-1 5.79688E-1 3.47688E-1 1.55146E-1 8.67918E-1 6.8993E-1 9.99536E-1 2.0268E-2 2.02422E-1 1.88586E-1 1.7768E-1
2.07406E-1 2.35314E-1 2.81689E-1 3.51567E-1 4.27735E-1 3.02477E-1 6.72277E-1 6.19505E-1 3.73577E-1 5.02545E-1 3.79577E-1 5.38049E-1 9.3767E-1 3.08487E-1 2.82041E-1 9.32765E-1 3.75431E-5 5.97768E-2 1.96875E-1 1.83122E-1
2.12872E-1 2.49673E-1 3.15853E-1 4.24034E-1 6.03079E-1 1.89715E-1 7.19862E-1 9.07201E-1 5.62559E-1 3.95511E-1 3.32922E-1 9.64342E-1 3.82904E-1 8.40305E-1 6.38813E-1 2.24408E-1 2.58713E-2 1.84008E-2 2.00697E-1 1.86919E-1
2.10081E-1 2.47185E-1 3.17659E-1 5.02007E-1 2.97778E-1 4.9887E-1 7.84821E-1 9.01894E-1 6.07225E-1 6.57488E-1 7.65339E-1 1.4266E-2 6.58248E-1 2.58122E-1 2.94479E-1 2.77347E-1 2.82689E-1 3.17526E-2 1.99485E-1 1.86774E-1
2.00912E-1 2.29675E-1 2.85708E-1 3.82059E-1 1.45043E-1 9.48941E-1 5.32003E-1 8.45275E-1 5.51345E-1 9.38779E-1 6.3675E-1 3.22498E-1 2.46104E-1 2.34307E-1 2.26089E-1 3.74847E-1 7.30802E-1 1.50185E-3 8.25637E-2 1.82865E-1
1.88799E-1 2.08181E-1 8.12733E-1 8.80409E-1 2.13124E-1 9.5131E-1 9.14031E-1 9.9156E-1 7.34647E-1 8.6989E-1 3.29074E-1 6.44809E-1 2.34231E-1 2.2219E-1 2.13809E-1 2.06862E-1 2.89359E-1 4.06089E-1 1.78689E-1 1.77875E-1
2.76976E-1 3.31003E-1 6.12502E-1 2.17168E-1 1.33796E-1 9.97353E-1 5.05293E-1 9.70881E-1 4.29279E-1 2.99433E-1 3.98379E-1 4.44119E-1 4.6545E-1 2.23114E-1 2.14187E-1 2.05729E-1 2.07527E-1 2.75052E-1 3.13955E-1 8.39706E-2
4.03534E-1 4.00655E-1 2.23895E-1 5.24557E-1 1.16143E-1 5.5195E-1 7.24004E-1 3.45316E-1 2.4126E-1 6.89936E-1 4.34632E-1 2.06121E-1 7.34647E-1 7.19737E-1 3.8244E-1 3.6721E-1 8.34585E-1 1.70476E-1 1.48679E-1 3.20786E-1
3.03782E-1 1.64499E-1 5.95812E-1 1.93066E-1 3.91781E-3 6.97855E-1 3.77873E-1 2.53973E-1 5.21439E-1 4.98096E-1 2.33723E-1 5.78727E-1 9.823E-1 7.12125E-1 2.34236E-1 3.73349E-1 4.20346E-1 6.62909E-1 5.44277E-1 3.45377E-1
7.51049E-1 2.78493E-1 4.304E-1 3.65749E-1 1.78125E-2 4.23818E-1 1.64364E-1 3.75624E-1 2.13038E-1 4.05245E-1 4.63019E-1 6.99398E-1 4.60897E-1 5.04584E-1 2.71654E-1 3.95411E-1 9.77334E-1 1.63035E-1 5.87345E-1 4.42612E-2
1.63418E-1 1.54914E-1 7.12841E-1 4.06257E-1 1.69182E-1 1.70257E-1 1.71863E-1 2.11537E-1 1.77383E-1 4.02634E-2 3.08936E-1 5.21665E-1 8.16899E-1 2.7411E-1 3.84139E-1 4.68956E-1 1.97199E-1 7.42003E-1 6.74223E-1 4.32828E-2
1.62413E-1 1.62774E-1 1.63639E-1 1.65453E-1 1.6797E-1 1.68263E-1 1.68881E-1 1.70334E-1 1.73692E-1 6.19713E-2 9.40477E-1 5.71724E-1 7.73696E-1 2.67736E-1 5.64726E-1 3.68549E-1 5.43273E-1 3.95919E-1 1.14123E-1 4.49594E-2
1.62247E-1 1.62298E-1 1.62426E-1 1.62725E-1 1.63428E-1 1.65344E-1 1.68082E-1 1.68924E-1 1.71226E-1 1.76551E-1 2.90516E-1 8.37142E-1 7.42129E-1 6.58891E-1 7.98658E-1 4.07825E-1 5.50598E-1 2.70082E-1 7.97331E-2 1.74887E-1
1.62225E-1 1.62231E-1 1.62248E-1 1.62297E-1 1.62473E-1 1.63213E-1 1.66306E-1 1.68369E-1 1.69942E-1 1.73886E-1 1.81968E-1 1.94924E-1 3.7994E-1 5.81266E-1 2.18659E-1 9.76495E-1 2.03667E-1 6.26668E-2 7.72028E-3 1.732E-1
1.62223E-1 1.62224E-1 1.62226E-1 1.62237E-1 1.62298E-1 1.62637E-1 1.6426E-1 1.68056E-1 1.69025E-1 1.71584E-1 1.77056E-1 1.86403E-1 1.97166E-1 3.39084E-1 2.55512E-1 4.223E-1 2.70418E-1 1.82255E-3 1.77157E-1 1.71731E-1
