최종데이터/accident_2.asc
ncols         20
nrows         20
xllcorner     202043.92331028884
yllcorner     551161.691323056
cellsize      243.329816402587
NODATA_value  -9999
1.43345E-1 1.43533E-1 1.43869E-1 1.44665E-1 1.46809E-1 1.52282E-1 1.64461E-1 1.87378E-1 2.22685E-1 2.63803E-1 2.93139E-1 2.93286E-1 2.64436E-1 2.2386E-1 2.01988E-1 2.81166E-1 1.44248E-1 1.05209E-1 1.44105E-1 1.43309E-1
1.445E-1 1.45306E-1 1.46444E-1 1.4831E-1 1.52136E-1 1.61128E-1 1.81844E-1 2.24705E-1 2.99894E-1 4.00435E-1 4.83552E-1 4.97625E-1 4.3374E-1 3.33539E-1 4.08416E-1 2.02934E-1 1.1744E-1 5.78471E-2 1.45784E-1 1.43854E-1
1.4837E-1 1.51466E-1 1.5559E-1 1.61003E-1 1.68605E-1 1.81955E-1 2.10699E-1 2.73958E-1 3.97098E-1 5.72703E-1 6.60994E-1 6.62155E-1 6.59999E-1 5.17124E-1 6.08932E-1 2.7393E-1 1.09116E-1 2.12901E-2 1.41452E-1 1.45215E-1
1.58729E-1 1.69014E-1 1.83361E-1 2.01787E-1 2.22743E-1 2.45836E-1 2.79838E-1 3.50063E-1 4.93804E-1 6.60473E-1 6.65475E-1 6.67589E-1 6.25956E-1 7.94609E-1 6.55711E-1 3.06209E-1 1.06515E-1 1.44059E-1 1.56664E-1 1.48375E-1
1.80975E-1 2.10719E-1 2.57352E-1 3.2379E-1 4.00105E-1 4.61304E-1 4.95047E-1 5.29979E-1 6.08634E-1 6.62347E-1 6.6701E-1 6.87504E-1 5.78366E-1 6.30189E-1 7.25415E-1 5.96913E-1 1.04178E-1 2.01652E-1 1.70302E-1 1.54804E-1
2.18322E-1 2.9182E-1 4.24929E-1 6.16882E-1 6.63901E-1 6.45896E-1 5.81512E-1 6.66235E-1 6.64322E-1 6.33005E-1 9.04348E-1 6.68732E-1 6.41603E-1 8.33663E-1 9.07011E-1 9.96693E-1 2.02421E-1 2.40224E-1 1.91843E-1 1.65419E-1
2.62326E-1 4.05294E-1 6.58894E-1 6.69221E-1 4.74879E-1 7.81673E-1 5.9608E-1 7.3972E-1 5.78803E-1 7.4647E-1 4.701E-1 8.03961E-1 9.76747E-1 6.63555E-1 6.59769E-1 7.59827E-1 2.91359E-2 2.29994E-1 2.16981E-1 1.78343E-1
2.87846E-1 4.88568E-1 6.64565E-1 6.77725E-1 6.243E-1 8.67623E-1 6.49735E-1 6.61513E-1 7.38569E-1 6.74504E-1 6.66836E-1 9.31932E-1 8.54675E-1 6.84645E-1 8.90865E-1 7.11868E-1 1.1472E-1 1.62243E-1 2.32844E-1 1.87671E-1
2.7465E-1 4.73839E-1 6.64809E-1 6.85462E-1 6.6224E-1 6.00663E-1 6.82358E-1 6.81579E-1 5.53551E-1 7.81273E-1 5.6991E-1 2.66958E-1 6.14494E-1 5.39137E-1 5.11885E-1 4.37328E-1 3.99888E-1 1.72817E-1 2.27739E-1 1.87308E-1
2.33756E-1 3.74072E-1 6.49309E-1 5.8322E-1 7.14068E-1 8.9771E-1 6.81983E-1 6.31819E-1 6.83586E-1 8.43713E-1 7.56565E-1 5.24667E-1 4.6747E-1 3.99648E-1 3.54763E-1 3.30023E-1 4.18339E-1 3.90452E-2 1.19261E-1 1.77723E-1
1.92379E-1 2.6586E-1 6.97546E-1 7.05508E-1 7.39603E-1 8.44204E-1 8.6686E-1 9.99067E-1 7.38996E-1 8.96975E-1 7.14464E-1 6.98421E-1 3.99223E-1 3.34301E-1 2.92354E-1 2.59856E-1 2.08745E-1 2.87132E-1 7.51E-2 1.65874E-1
1.60267E-1 1.94814E-1 2.27417E-1 4.09512E-1 7.26039E-1 9.68232E-1 9.00846E-1 9.98626E-1 8.85612E-1 4.60343E-1 5.01444E-1 5.35936E-1 3.48047E-1 3.39101E-1 2.94185E-1 2.54763E-1 1.83055E-1 2.14286E-1 2.26766E-1 2.07539E-1
2.01479E-1 2.92555E-1 2.34626E-1 3.13663E-1 2.26443E-1 8.05386E-1 9.03653E-1 2.11056E-1 5.62458E-1 6.18402E-1 8.35206E-1 6.43397E-1 7.41591E-1 6.90503E-1 3.56484E-1 3.0456E-1 5.26274E-1 1.61437E-1 3.171E-1 1.72594E-1
6.23211E-1 2.5657E-1 3.40502E-1 1.75701E-1 1.06429E-1 3.28081E-1 3.35215E-1 6.294E-1 4.78564E-1 4.32893E-1 6.35124E-1 6.04846E-1 6.17433E-1 5.16004E-1 3.99247E-1 4.21919E-1 1.38913E-1 1.984E-1 4.68147E-1 2.48707E-1
2.68072E-1 2.25425E-1 1.92222E-1 2.25598E-1 4.44778E-1 2.65035E-1 1.43394E-1 2.65005E-1 1.06348E-1 2.76972E-1 2.85327E-1 3.9593E-1 6.03789E-1 4.10588E-1 3.80486E-1 3.73326E-1 9.46198E-1 3.90875E-1 2.0529E-1 1.11824E-1
1.43127E-1 2.43819E-1 2.40036E-1 5.44257E-1 1.4629E-1 1.48638E-1 1.52185E-1 1.41342E-1 1.35597E-1 1.20695E-1 3.56047E-1 3.10738E-1 8.52336E-1 4.20778E-1 4.67465E-1 5.19977E-1 2.96208E-1 8.75891E-1 4.30885E-1 1.14912E-1
1.43026E-1 1.43063E-1 1.43149E-1 1.43329E-1 1.43667E-1 1.44299E-1 1.45636E-1 1.48806E-1 1.5628E-1 1.23728E-1 5.51401E-1 2.8123E-1 6.01961E-1 3.88894E-1 3.4719E-1 4.15136E-1 3.69229E-1 3.76134E-1 1.87141E-1 1.04602E-1
1.4301E-1 1.43015E-1 1.43028E-1 1.43058E-1 1.43128E-1 1.43318E-1 1.43908E-1 1.4573E-1 1.50772E-1 1.62805E-1 1.87094E-1 5.14654E-1 4.89541E-1 7.0367E-1 6.10156E-1 3.36123E-1 3.73412E-1 3.1638E-1 2.23478E-1 1.5899E-1
1.43008E-1 1.43008E-1 1.4301E-1 1.43015E-1 1.43032E-1 1.43106E-1 1.43413E-1 1.44528E-1 1.47949E-1 1.56718E-1 1.75559E-1 2.0915E-1 2.86157E-1 6.27481E-1 3.16278E-1 7.6929E-1 2.45637E-1 2.3792E-1 6.9617E-2 1.55174E-1
1.43007E-1 1.43007E-1 1.43008E-1 1.43009E-1 1.43015E-1 1.43049E-1 1.43211E-1 1.43853E-1 1.45949E-1 1.51566E-1 1.6397E-1 1.86388E-1 2.18164E-1 3.20276E-1 2.84838E-1 4.7343E-1 3.42463E-1 5.08573E-2 1.64205E-1 1.51892E-1
