최종데이터/accident_median.asc
ncols         20
nrows         20
xllcorner     202043.92331028884
yllcorner     551161.691323056
cellsize      243.329816402587
NODATA_value  -9999
1.43345E-1 1.43533E-1 1.57177E-1 1.68433E-1 1.6942E-1 1.73081E-1 1.85235E-1 1.9764E-1 2.24351E-1 2.39594E-1 2.45344E-1 2.45372E-1 2.39722E-1 2.25103E-1 2.55495E-1 2.43853E-1 2.4471E-1 9.90948E-2 1.62595E-1 1.43309E-1
1.68356E-1 1.68729E-1 1.69253E-1 1.70107E-1 1.73031E-1 1.82865E-1 1.95008E-1 2.25644E-1 2.46618E-1 2.81563E-1 3.00238E-1 3.005E-1 2.90029E-1 2.57625E-1 5.51501E-1 3.53424E-1 1.04988E-1 1.12419E-1 1.68949E-1 1.55837E-1
1.70134E-1 1.72802E-1 1.74201E-1 1.82776E-1 1.88544E-1 1.95061E-1 2.16601E-1 2.41627E-1 2.80397E-1 3.03995E-1 3.53154E-1 3.58588E-1 3.40406E-1 3.00858E-1 5.58034E-1 2.63625E-1 8.85853E-2 3.75196E-2 1.37738E-1 1.68687E-1
1.79333E-1 1.88748E-1 1.95733E-1 2.10747E-1 2.24388E-1 2.35874E-1 2.42783E-1 2.63664E-1 3.00429E-1 3.48238E-1 3.74465E-1 3.84828E-1 3.88611E-1 5.71826E-1 7.65295E-1 2.47795E-1 1.26601E-1 1.7898E-1 1.74561E-1 1.70137E-1
1.94591E-1 2.16614E-1 2.38278E-1 2.54014E-1 2.81448E-1 2.96294E-1 3.00452E-1 3.01091E-1 3.17513E-1 3.59494E-1 3.81971E-1 4.19604E-1 3.75014E-1 6.33142E-1 6.82368E-1 3.14136E-1 5.96145E-2 2.10658E-1 1.89387E-1 1.73936E-1
2.21545E-1 2.45093E-1 2.88002E-1 3.20894E-1 3.66879E-1 3.15454E-1 2.72225E-1 3.78169E-1 3.68898E-1 2.96686E-1 5.95421E-1 3.91348E-1 3.91698E-1 6.71827E-1 5.06561E-1 8.4839E-1 1.17615E-1 2.34677E-1 2.04116E-1 1.85912E-1
2.39295E-1 2.83257E-1 3.35815E-1 3.95348E-1 4.81439E-1 6.26069E-1 5.70444E-1 4.24397E-1 3.92914E-1 5.61489E-1 3.72487E-1 6.1425E-1 6.91214E-1 3.65228E-1 3.36664E-1 7.21808E-1 1.27609E-2 1.64824E-1 2.20679E-1 1.93322E-1
2.44334E-1 3.00332E-1 3.70065E-1 4.59333E-1 6.08869E-1 5.19635E-1 7.19862E-1 7.28854E-1 4.17552E-1 4.38471E-1 3.81116E-1 8.88012E-1 6.98479E-1 8.74923E-1 6.66186E-1 3.6227E-1 8.55477E-2 1.06021E-1 2.31258E-1 1.97778E-1
2.41764E-1 2.99109E-1 3.71244E-1 6.44125E-1 5.50487E-1 6.5284E-1 8.12359E-1 8.3208E-1 4.67607E-1 8.95775E-1 5.56959E-1 1.48006E-1 4.81745E-1 3.01256E-1 4.84222E-1 3.44469E-1 3.80718E-1 1.16918E-1 2.27739E-1 1.97607E-1
2.31395E-1 2.72281E-1 4.3837E-1 3.96523E-1 4.30825E-1 8.24701E-1 8.00288E-1 8.53023E-1 6.62729E-1 8.80757E-1 6.43843E-1 2.81913E-1 2.97681E-1 2.81288E-1 2.65365E-1 2.73112E-1 4.52825E-1 3.76199E-2 1.46805E-1 1.93021E-1
2.04476E-1 2.4001E-1 6.9428E-1 6.36178E-1 5.35949E-1 9.94649E-1 7.79942E-1 9.94661E-1 9.5004E-1 7.73224E-1 4.11845E-1 8.27295E-1 2.8114E-1 2.57905E-1 2.45195E-1 2.38791E-1 3.21785E-1 4.03085E-1 1.12768E-1 1.86234E-1
3.46313E-1 2.99969E-1 4.20589E-1 3.85394E-1 4.11935E-1 9.36515E-1 6.50361E-1 9.47508E-1 4.97966E-1 3.8667E-1 4.04648E-1 4.38819E-1 2.49958E-1 2.59668E-1 2.45543E-1 2.37743E-1 3.63281E-1 4.51855E-1 3.23834E-1 2.39845E-1
5.44668E-1 3.19141E-1 4.48122E-1 4.02453E-1 2.32038E-1 7.44094E-1 8.78925E-1 2.11056E-1 2.89783E-1 4.41189E-1 4.89977E-1 3.58154E-1 8.25974E-1 8.09017E-1 2.76983E-1 2.6921E-1 6.7837E-1 3.05786E-1 1.2771E-1 2.24135E-1
6.23211E-1 1.05036E-1 3.7821E-1 3.60004E-1 4.63111E-2 8.2505E-1 4.77476E-1 4.17204E-1 5.21126E-1 6.64362E-1 3.22478E-1 5.14799E-1 8.17782E-1 3.84189E-1 2.81148E-1 7.2039E-1 2.76393E-1 8.19848E-1 2.92238E-1 2.37395E-1
2.99065E-1 2.00894E-1 4.09031E-1 3.20082E-1 6.08314E-2 4.2897E-1 1.821E-1 2.91644E-1 2.87478E-1 3.09991E-1 4.34217E-1 6.1936E-1 8.43405E-1 5.09456E-1 2.92525E-1 4.81018E-1 9.73782E-1 4.86927E-1 3.95399E-1 6.7716E-2
1.38786E-1 1.54914E-1 2.47227E-1 3.73344E-1 1.69182E-1 1.71061E-1 1.73048E-1 1.73826E-1 1.77383E-1 2.43535E-1 3.36594E-1 6.09828E-1 8.75524E-1 3.4014E-1 3.84139E-1 4.24545E-1 3.3202E-1 8.56709E-1 3.44057E-1 8.15835E-2
1.32403E-1 1.34668E-1 1.4022E-1 1.43329E-1 1.43667E-1 1.62663E-1 1.68881E-1 1.71887E-1 1.74433E-1 1.4548E-1 6.84061E-1 4.38274E-1 7.33485E-1 3.31614E-1 3.38793E-1 3.89999E-1 4.59991E-1 2.75086E-1 1.55148E-1 1.25383E-1
1.31373E-1 1.31684E-1 1.32482E-1 1.34357E-1 1.38851E-1 1.43318E-1 1.60899E-1 1.68924E-1 1.72564E-1 1.84059E-1 2.87941E-1 8.69216E-1 7.13501E-1 6.05945E-1 7.82783E-1 5.76251E-1 5.58277E-1 3.1638E-1 2.23478E-1 1.80403E-1
1.31238E-1 1.31274E-1 1.31375E-1 1.31679E-1 1.32775E-1 1.37462E-1 1.43413E-1 1.68369E-1 1.70113E-1 1.7458E-1 1.91969E-1 2.15589E-1 4.23421E-1 3.50474E-1 2.51205E-1 7.95349E-1 2.35832E-1 2.07255E-1 5.90009E-2 1.74061E-1
1.31224E-1 1.31228E-1 1.31241E-1 1.31307E-1 1.31687E-1 1.33802E-1 1.43211E-1 1.5572E-1 1.69025E-1 1.72836E-1 1.84887E-1 1.97172E-1 2.21443E-1 3.22812E-1 4.18022E-1 5.94233E-1 2.70418E-1 3.09485E-2 1.85053E-1 1.72948E-1
