최종데이터/accident_9.asc
ncols         20
nrows         20
xllcorner     202043.92331028884
yllcorner     551161.691323056
cellsize      243.329816402587
NODATA_value  -9999
2.08568E-1 2.39003E-1 2.45794E-1 2.46014E-1 2.46602E-1 2.48073E-1 2.51207E-1 2.56652E-1 2.64145E-1 2.71869E-1 2.76893E-1 2.76917E-1 2.71981E-1 2.64379E-1 2.55495E-1 2.92874E-1 3.83433E-1 2.02262E-1 2.45859E-1 2.031E-1
2.45969E-1 2.46191E-1 2.46503E-1 2.4701E-1 2.48035E-1 2.50367E-1 2.55385E-1 2.64547E-1 2.78002E-1 2.93015E-1 3.04038E-1 3.05831E-1 2.97537E-1 2.83311E-1 4.62087E-1 2.2383E-1 1.93736E-1 2.78337E-1 2.46322E-1 2.4579E-1
2.47026E-1 2.47857E-1 2.48943E-1 2.50335E-1 2.52232E-1 2.55411E-1 2.61705E-1 2.73648E-1 2.92552E-1 3.15613E-1 3.34729E-1 3.40528E-1 3.29813E-1 3.08291E-1 3.1234E-1 4.03243E-1 9.25696E-2 9.78908E-2 2.39379E-1 2.46166E-1
2.49755E-1 2.52332E-1 2.55735E-1 2.59825E-1 2.64157E-1 2.68605E-1 2.74658E-1 2.85802E-1 3.05345E-1 3.32149E-1 3.57529E-1 3.68669E-1 3.77544E-1 3.13117E-1 5.22126E-1 2.79026E-1 2.94465E-1 3.38888E-1 2.49222E-1 2.47027E-1
2.55184E-1 2.61709E-1 2.70715E-1 2.81808E-1 2.92969E-1 3.01167E-1 3.05503E-1 3.09901E-1 3.20928E-1 3.41495E-1 3.65595E-1 3.79838E-1 3.99697E-1 4.60989E-1 4.60339E-1 1.49623E-1 8.91398E-2 2.59796E-1 2.52646E-1 2.48738E-1
2.63268E-1 2.76674E-1 2.96357E-1 3.22151E-1 3.49395E-1 3.57651E-1 3.29396E-1 3.61507E-1 3.51558E-1 3.0084E-1 2.88139E-1 3.74795E-1 4.43578E-1 4.19785E-1 1.63809E-1 1.83016E-1 1.17615E-1 2.67552E-1 2.57654E-1 2.51445E-1
2.71606E-1 2.93686E-1 3.28431E-1 3.77432E-1 5.57274E-1 8.22749E-1 5.24745E-1 3.15073E-1 4.49339E-1 7.9966E-1 4.35499E-1 4.00313E-1 2.33221E-1 3.47627E-1 3.28687E-1 5.13726E-1 3.26833E-2 2.41746E-1 2.62996E-1 2.54569E-1
2.76011E-1 3.04679E-1 3.52809E-1 4.25397E-1 5.58204E-1 9.80026E-1 8.05961E-1 7.54047E-1 4.17345E-1 4.06783E-1 3.64675E-1 5.53187E-1 6.09819E-1 6.5449E-1 5.58262E-1 3.28288E-1 1.13723E-1 1.8772E-1 2.6614E-1 2.56718E-1
2.73767E-1 3.0279E-1 3.54073E-1 6.18548E-1 4.73275E-1 7.64541E-1 8.12359E-1 9.24059E-1 4.67607E-1 9.99994E-1 5.44959E-1 3.81901E-1 3.30465E-1 3.11043E-1 4.46467E-1 2.93135E-1 4.28706E-1 2.78807E-1 2.65146E-1 2.56636E-1
2.66316E-1 2.89304E-1 4.94663E-1 4.27688E-1 4.73472E-1 6.82564E-1 8.98711E-1 8.16352E-1 6.99906E-1 6.7903E-1 6.08743E-1 2.81913E-1 3.01968E-1 2.92906E-1 2.86497E-1 2.73112E-1 2.19406E-1 1.08355E-1 2.18243E-1 2.54423E-1
2.57773E-1 2.72233E-1 5.65651E-1 5.04213E-1 8.79689E-1 9.97971E-1 9.01904E-1 9.99907E-1 8.35183E-1 3.58343E-1 4.32382E-1 8.27295E-1 2.92847E-1 2.83428E-1 2.76763E-1 2.71165E-1 4.39038E-1 2.44487E-1 1.68764E-1 2.51558E-1
3.97844E-1 3.88239E-1 7.49933E-1 4.95956E-1 1.85E-1 2.70881E-1 3.57453E-1 8.34753E-1 2.93649E-1 4.56179E-1 4.00697E-1 4.49494E-1 2.49958E-1 2.84157E-1 2.77065E-1 2.70246E-1 4.35359E-1 3.92375E-1 3.26148E-1 6.19988E-1
4.53282E-1 1.99268E-1 6.6553E-1 2.64899E-1 1.69793E-1 4.51571E-1 4.85733E-1 1.88245E-1 2.50141E-1 2.42199E-1 1.9452E-1 3.07345E-1 6.85267E-1 5.12691E-1 2.76983E-1 2.6921E-1 4.76452E-1 2.09183E-1 1.03483E-1 1.92756E-1
3.39954E-1 1.04873E-1 2.95012E-1 4.31413E-1 9.43237E-2 5.79466E-1 3.842E-1 8.83666E-1 3.80875E-1 6.8493E-1 4.83729E-1 2.45073E-1 9.48191E-1 1.82333E-1 2.92851E-1 6.33657E-1 3.72572E-1 9.57097E-1 1.13841E-1 2.30805E-1
5.67785E-1 2.18335E-1 6.19393E-1 3.07484E-1 5.69525E-2 7.62623E-1 2.16159E-1 3.09895E-1 5.46116E-1 2.67984E-1 4.34217E-1 6.6352E-1 7.63296E-1 8.44498E-1 3.18513E-1 7.06972E-1 9.83588E-1 4.56094E-1 1.46917E-1 1.23472E-1
1.77458E-1 1.88805E-1 4.57534E-1 8.78055E-1 2.4646E-1 2.47098E-1 2.48048E-1 2.59088E-1 2.71939E-1 7.88598E-1 6.20417E-1 7.93855E-1 9.87385E-1 2.90946E-1 3.04126E-1 3.56624E-1 4.72004E-1 9.23197E-1 8.50285E-2 1.4242E-1
1.64545E-1 1.69091E-1 1.80402E-1 2.06107E-1 2.45738E-1 2.45913E-1 2.46281E-1 2.47144E-1 2.49123E-1 2.30692E-1 2.30628E-1 6.72345E-1 6.45758E-1 2.86611E-1 1.40068E-1 2.3954E-1 4.902E-1 1.36195E-1 1.59314E-1 2.13973E-1
1.62491E-1 1.63111E-1 1.64703E-1 1.68464E-1 1.77592E-1 2.04485E-1 2.45805E-1 2.46307E-1 2.47672E-1 2.50791E-1 2.63972E-1 7.74816E-1 5.47552E-1 4.09562E-1 4.73181E-1 9.0323E-1 6.5739E-1 5.92195E-1 1.8909E-1 2.49822E-1
1.62222E-1 1.62293E-1 1.62495E-1 1.631E-1 1.65289E-1 1.74753E-1 2.19162E-1 2.45976E-1 2.46912E-1 2.49236E-1 2.5391E-1 2.61383E-1 4.23421E-1 3.08042E-1 2.80631E-1 3.2039E-1 2.68568E-1 2.36297E-1 1.54106E-1 2.48834E-1
1.62194E-1 1.62201E-1 1.62228E-1 1.6236E-1 1.63117E-1 1.67348E-1 1.88901E-1 2.4579E-1 2.46367E-1 2.47883E-1 2.51084E-1 2.56427E-1 2.63236E-1 3.35873E-1 4.03612E-1 4.95812E-1 2.06155E-1 7.26994E-2 2.51143E-1 2.4797E-1
