최종데이터/accident_13.asc
ncols         20
nrows         20
xllcorner     202043.92331028884
yllcorner     551161.691323056
cellsize      243.329816402587
NODATA_value  -9999
2.64446E-1 3.09778E-1 3.41373E-1 3.72319E-1 3.74091E-1 3.7507E-1 3.77145E-1 3.80719E-1 3.85572E-1 3.90501E-1 3.93668E-1 3.93683E-1 3.90572E-1 3.85723E-1 4.24768E-1 3.62816E-1 4.04276E-1 2.54571E-1 3.50365E-1 2.56351E-1
3.65758E-1 3.73817E-1 3.74025E-1 3.74363E-1 3.75045E-1 3.76591E-1 3.79891E-1 3.85831E-1 3.94364E-1 4.03638E-1 4.10297E-1 4.11369E-1 4.06385E-1 3.97672E-1 5.37144E-1 5.9732E-1 2.20434E-1 3.3738E-1 3.73904E-1 3.40833E-1
3.74374E-1 3.74926E-1 3.75648E-1 3.7657E-1 3.77821E-1 3.79908E-1 3.84E-1 3.91626E-1 4.03356E-1 4.17163E-1 4.28241E-1 4.31542E-1 4.25421E-1 4.12835E-1 5.50607E-1 3.93045E-1 1.58775E-1 2.31121E-1 3.52205E-1 3.738E-1
3.76186E-1 3.77887E-1 3.8012E-1 3.82783E-1 3.8558E-1 3.88427E-1 3.92263E-1 3.99213E-1 4.11079E-1 4.26763E-1 4.41075E-1 4.47212E-1 4.80647E-1 5.43926E-1 8.32191E-1 3.95004E-1 3.01887E-1 2.8255E-1 3.75833E-1 3.74375E-1
3.79759E-1 3.84003E-1 3.89769E-1 3.96738E-1 4.0361E-1 4.08575E-1 4.11173E-1 4.1379E-1 4.20274E-1 4.3209E-1 4.45526E-1 5.62319E-1 4.50018E-1 7.63495E-1 7.11105E-1 4.47977E-1 1.38234E-1 3.82765E-1 3.78094E-1 3.75511E-1
3.85008E-1 3.93531E-1 4.0567E-1 4.20987E-1 4.36541E-1 4.2202E-1 3.53588E-1 4.43276E-1 4.37751E-1 3.49725E-1 8.65213E-1 4.50552E-1 4.61617E-1 5.92683E-1 5.26211E-1 6.05306E-1 1.20919E-1 3.87755E-1 3.81372E-1 3.77303E-1
3.90335E-1 4.04047E-1 4.24625E-1 4.51982E-1 5.47542E-1 5.28413E-1 7.17499E-1 5.56826E-1 5.50683E-1 5.16626E-1 7.75692E-1 7.01154E-1 2.61392E-1 4.35549E-1 4.24773E-1 6.42207E-1 1.22536E-2 3.05896E-1 3.84833E-1 3.79357E-1
3.93115E-1 4.1068E-1 4.3845E-1 4.77327E-1 6.59687E-1 3.32035E-1 5.82547E-1 5.25643E-1 4.17552E-1 4.67633E-1 4.45021E-1 7.932E-1 6.45908E-1 7.5501E-1 6.64765E-1 4.28938E-1 2.82897E-1 1.79118E-1 3.86853E-1 3.80762E-1
3.91701E-1 4.09549E-1 4.39154E-1 5.6708E-1 5.32667E-1 6.62418E-1 8.38299E-1 8.58079E-1 6.31666E-1 8.95775E-1 4.81558E-1 1.17699E-1 2.9989E-1 4.14467E-1 6.74735E-1 4.5018E-1 4.87369E-1 1.22127E-1 3.86215E-1 3.80709E-1
3.86966E-1 4.01368E-1 4.41905E-1 4.64401E-1 4.52223E-1 5.35986E-1 8.56538E-1 6.84702E-1 6.32577E-1 8.3054E-1 6.43843E-1 3.33615E-1 4.09056E-1 4.03572E-1 3.99642E-1 3.66903E-1 5.4176E-1 7.27071E-2 4.02362E-1 3.79261E-1
3.8145E-1 3.90732E-1 6.9428E-1 4.24035E-1 3.31327E-1 9.99325E-1 5.99288E-1 8.46931E-1 9.5004E-1 9.36675E-1 4.62618E-1 8.84568E-1 4.03536E-1 3.97744E-1 3.93586E-1 3.90055E-1 3.46119E-1 4.94048E-1 2.63997E-1 3.77377E-1
4.63736E-1 3.81662E-1 4.20589E-1 5.9658E-1 6.51258E-1 7.5706E-1 6.43418E-1 7.42834E-1 4.96742E-1 4.97787E-1 6.23494E-1 3.27751E-1 2.94664E-1 3.98196E-1 3.93776E-1 3.89472E-1 6.17243E-1 5.21533E-1 4.776E-1 4.57766E-1
5.53788E-1 4.79211E-1 7.37919E-1 5.95227E-1 7.29113E-1 9.15904E-1 8.78925E-1 6.02045E-1 5.11708E-1 4.30175E-1 5.99202E-1 5.98125E-1 8.51877E-1 6.7142E-1 3.69237E-1 3.64533E-1 6.41335E-1 7.3889E-1 2.98915E-1 5.23023E-1
9.99947E-1 2.95421E-1 3.93723E-1 6.15652E-1 8.96854E-2 9.90725E-1 5.78697E-1 5.91735E-1 5.27879E-1 7.26459E-1 5.46122E-1 5.33175E-1 7.18464E-1 4.9827E-1 4.03538E-1 9.32859E-1 5.00916E-1 8.50361E-1 5.36558E-1 3.76174E-1
4.88704E-1 4.27906E-1 7.40208E-1 4.44571E-1 6.08314E-2 8.24954E-1 4.53354E-1 4.09903E-1 7.51449E-1 5.70914E-1 5.34698E-1 6.81912E-1 9.73926E-1 7.25847E-1 4.82813E-1 6.44227E-1 9.50625E-1 7.70979E-1 7.58224E-1 1.71926E-1
2.18692E-1 2.73511E-1 4.63027E-1 3.73344E-1 3.73997E-1 3.74422E-1 3.75053E-1 3.7611E-1 3.78045E-1 4.46651E-1 4.16203E-1 6.69379E-1 8.31683E-1 4.48753E-1 3.87338E-1 4.73995E-1 5.84142E-1 7.89137E-1 3.60282E-1 2.19338E-1
1.99962E-1 2.06535E-1 2.22986E-1 2.60799E-1 3.33805E-1 3.57895E-1 3.73877E-1 3.74452E-1 3.75767E-1 2.94167E-1 7.34502E-1 4.44368E-1 6.25226E-1 4.45912E-1 4.26762E-1 7.26453E-1 5.28669E-1 4.26183E-1 3.75993E-1 2.56726E-1
1.97001E-1 1.97893E-1 2.0019E-1 2.05627E-1 2.18887E-1 2.58399E-1 3.42854E-1 3.73895E-1 3.74803E-1 3.76871E-1 4.51581E-1 9.91268E-1 5.17022E-1 4.77844E-1 7.42485E-1 6.94701E-1 6.7403E-1 3.89061E-1 2.81026E-1 3.7623E-1
1.96613E-1 1.96714E-1 1.97005E-1 1.97878E-1 2.01036E-1 2.14754E-1 2.80177E-1 3.66874E-1 3.74298E-1 3.75842E-1 3.78925E-1 3.83792E-1 7.85078E-1 3.46063E-1 3.96005E-1 8.17777E-1 3.88404E-1 2.74383E-1 1.59427E-1 3.75576E-1
1.96572E-1 1.96582E-1 1.96621E-1 1.96811E-1 1.97901E-1 2.04011E-1 2.35429E-1 3.40786E-1 3.73935E-1 3.74944E-1 3.77064E-1 3.80572E-1 3.84988E-1 4.03205E-1 5.67111E-1 7.98126E-1 4.29055E-1 8.32442E-2 3.77103E-1 3.75002E-1
