최종데이터/accident_14.asc
ncols         20
nrows         20
xllcorner     202043.92331028884
yllcorner     551161.691323056
cellsize      243.329816402587
NODATA_value  -9999
1.12316E-1 1.12999E-1 1.14228E-1 1.17183E-1 1.25413E-1 1.48326E-1 1.59091E-1 1.78605E-1 2.07652E-1 2.16266E-1 2.21922E-1 2.2195E-1 2.16392E-1 2.07911E-1 3.63298E-1 1.42689E-1 1.53341E-1 1.23804E-1 1.15098E-1 1.12184E-1
1.16566E-1 1.196E-1 1.23985E-1 1.31425E-1 1.4768E-1 1.56231E-1 1.73914E-1 2.08098E-1 2.23177E-1 2.40351E-1 2.53185E-1 2.5529E-1 2.45594E-1 2.29209E-1 5.51501E-1 5.52467E-1 1.39428E-1 1.52021E-1 1.21429E-1 1.14176E-1
1.31668E-1 1.44734E-1 1.51468E-1 1.56124E-1 1.62638E-1 1.74008E-1 1.98237E-1 2.18264E-1 2.39817E-1 2.66859E-1 2.8986E-1 2.96937E-1 2.83897E-1 2.58187E-1 7.32589E-1 2.11248E-1 2.82752E-1 1.4059E-1 1.35749E-1 1.19255E-1
1.5417E-1 1.62988E-1 1.75202E-1 1.90758E-1 2.07665E-1 2.12613E-1 2.19401E-1 2.32054E-1 2.5472E-1 2.86726E-1 3.17935E-1 3.31888E-1 4.3847E-1 8.69918E-1 6.62791E-1 2.24337E-1 1.23998E-1 1.50334E-1 1.52392E-1 1.31689E-1
1.73177E-1 1.98254E-1 2.14973E-1 2.27497E-1 2.40298E-1 2.49825E-1 2.54906E-1 2.60087E-1 2.73203E-1 2.98122E-1 3.28022E-1 4.00492E-1 2.67815E-1 7.31064E-1 7.50182E-1 4.16888E-1 1.29009E-1 1.90644E-1 1.64088E-1 1.5079E-1
2.04612E-1 2.21675E-1 2.44223E-1 2.74668E-1 3.07843E-1 3.31479E-1 3.34914E-1 3.229E-1 3.10518E-1 1.80685E-1 6.98945E-1 3.39622E-1 2.33832E-1 6.34135E-1 5.87106E-1 8.87195E-1 5.93867E-1 2.11439E-1 1.82379E-1 1.59912E-1
2.15972E-1 2.41127E-1 2.82227E-1 3.42966E-1 4.20573E-1 8.33429E-1 3.72809E-1 4.1094E-1 3.1249E-1 3.16514E-1 6.82712E-1 8.66971E-1 5.9115E-1 3.05661E-1 2.82536E-1 6.8394E-1 5.27727E-1 2.19449E-1 2.03492E-1 1.7094E-1
2.20927E-1 2.53937E-1 3.12069E-1 4.05031E-1 7.32828E-1 8.98608E-1 6.01748E-1 4.91853E-1 3.40157E-1 3.80677E-1 3.26868E-1 9.56657E-1 7.40371E-1 6.93613E-1 6.66186E-1 1.29728E-1 5.69578E-1 2.2258E-1 2.09868E-1 1.78852E-1
2.18399E-1 2.51723E-1 3.13637E-1 7.21295E-1 7.54873E-1 9.404E-1 7.25704E-1 7.29829E-1 3.84353E-1 9.25594E-1 2.85715E-1 5.39544E-1 2.31672E-1 2.61437E-1 5.49919E-1 4.68822E-1 1.62423E-1 1.96435E-1 2.08762E-1 1.78545E-1
2.10064E-1 2.36073E-1 2.89744E-1 2.96683E-1 7.44015E-1 8.24701E-1 6.8231E-1 8.53023E-1 5.30271E-1 7.85571E-1 5.60164E-1 1.36673E-1 2.50761E-1 2.40225E-1 2.32851E-1 1.99965E-1 7.25311E-1 1.98993E-1 1.94222E-1 1.70413E-1
1.82832E-1 2.16675E-1 8.43647E-1 5.50701E-1 6.12628E-1 9.61708E-1 7.79942E-1 9.98972E-1 9.01578E-1 7.77695E-1 1.92806E-1 8.86026E-1 2.40157E-1 2.29342E-1 2.21775E-1 2.15477E-1 2.71044E-1 7.27787E-1 4.30011E-2 1.60301E-1
3.32022E-1 1.69166E-1 2.01301E-1 2.44281E-1 9.97744E-1 9.36515E-1 7.95754E-1 9.16079E-1 4.14799E-1 3.07703E-1 2.02881E-1 2.29767E-1 1.0445E-1 2.30175E-1 2.22118E-1 2.14448E-1 3.37366E-1 4.82372E-1 1.21219E-1 1.83478E-1
4.94333E-1 3.05097E-1 3.16203E-1 5.7427E-1 2.55715E-1 6.86279E-1 9.10885E-1 2.27602E-1 2.76881E-1 2.72372E-1 9.40755E-1 2.4679E-1 7.14923E-1 8.26394E-1 2.0402E-1 1.95902E-1 6.99056E-1 4.09203E-1 9.30058E-2 2.97079E-1
5.3955E-1 6.49733E-2 4.91282E-1 3.37356E-1 1.83642E-1 8.2505E-1 7.17361E-1 4.60035E-1 2.47375E-1 4.8664E-1 2.95939E-1 5.14799E-1 9.86413E-1 5.394E-1 2.40161E-1 7.94424E-1 1.86855E-1 5.12384E-1 6.51431E-1 1.24055E-1
2.62255E-1 1.1253E-1 2.59746E-1 2.37845E-1 4.5938E-1 4.2897E-1 1.3425E-1 1.47394E-1 3.981E-1 4.36511E-1 2.50671E-1 5.2632E-1 8.77718E-1 4.33814E-1 2.22011E-1 1.95144E-1 9.67939E-1 3.60445E-1 7.51048E-1 1.26297E-1
1.11526E-1 1.14042E-1 2.37797E-1 2.32637E-1 1.23386E-1 1.32764E-1 1.47897E-1 1.35031E-1 1.26303E-1 4.30117E-1 2.4106E-1 7.4941E-1 8.09248E-1 4.64748E-1 4.68403E-1 3.81411E-1 2.24811E-1 9.84392E-1 3.96902E-1 1.53762E-1
1.11164E-1 1.11294E-1 1.11606E-1 1.12257E-1 1.13488E-1 1.15819E-1 1.2086E-1 1.33457E-1 1.52062E-1 1.4548E-1 7.48618E-1 2.79838E-1 9.03353E-1 4.56668E-1 1.9335E-1 3.89999E-1 1.91357E-1 3.33395E-1 1.62474E-1 1.38356E-1
1.11104E-1 1.11122E-1 1.11169E-1 1.11277E-1 1.1153E-1 1.12218E-1 1.14372E-1 1.21222E-1 1.41728E-1 1.57671E-1 3.61945E-1 9.5889E-1 5.66587E-1 7.37405E-1 8.16882E-1 5.65784E-1 4.22289E-1 8.55802E-2 4.66986E-1 1.54394E-1
1.11096E-1 1.11098E-1 1.11104E-1 1.11122E-1 1.11186E-1 1.11452E-1 1.12562E-1 1.16671E-1 1.2996E-1 1.52439E-1 1.68571E-1 1.96939E-1 7.69021E-1 4.0535E-1 2.26158E-1 8.13249E-1 2.12572E-1 3.51351E-1 1.69271E-1 1.51109E-1
1.11095E-1 1.11096E-1 1.11096E-1 1.111E-1 1.11122E-1 1.11245E-1 1.11829E-1 1.14171E-1 1.22063E-1 1.4517E-1 1.5867E-1 1.77766E-1 2.0448E-1 1.52544E-1 4.72557E-1 6.58316E-1 3.63472E-1 1.81358E-1 1.58872E-1 1.46604E-1
