환경변수/market_kde_density_log_weighted.asc
ncols        20
nrows        20
xllcorner    202043.923310288839
yllcorner    551161.691323056002
dx           243.329816402587
dy           264.514930865384
5.7002236267868775302e-16 8.866905533887138504e-16 1.451866881757482141e-15 2.7874327517251598282e-15 6.3488139069166771994e-15 1.5232103704981674042e-14 3.4005601340456742543e-14 6.6179639622142988342e-14 1.0954923762834106737e-13 1.5322442479311776387e-13 1.8109722976864667254e-13 1.812313184723288173e-13 1.5385122917408594612e-13 1.1088744804104919139e-13 6.7837621913098555826e-14 3.5199463786425577716e-14 1.5488210892847589784e-14 5.789731080630897142e-15 1.8484653894747194933e-15 5.089773863843399717e-16 
2.5109374808188330772e-15 3.8569912068602951044e-15 5.7464985190030376527e-15 8.8156317708536387212e-15 1.4999466106018280454e-14 2.8995232050858105177e-14 5.874371356105051456e-14 1.1184654005909344665e-13 1.8720071879359950762e-13 2.6791977382305265376e-13 3.2514746103884384354e-13 3.3430460548260210185e-13 2.9159728559720321517e-13 2.1613003812863407216e-13 1.3633313770446131574e-13 7.3339900504617444588e-14 3.3779287689477549561e-14 1.3419955488395193116e-14 4.6526278889410990075e-15 1.4278194046266957408e-15 
8.9129109637469533522e-15 1.3926679396562922225e-14 2.0462195035163971424e-14 2.8805367921665159248e-14 4.0107298043693187517e-14 5.8894803910049947637e-14 9.5539183931746957112e-14 1.6314067338794174811e-13 2.6548064419561201444e-13 3.8355345917569227954e-13 4.7657640637674414386e-13 5.040219001710422031e-13 4.5303973246479944947e-13 3.4680529390103409515e-13 2.2703785737283183055e-13 1.2796872123164299007e-13 6.2758602297190851926e-14 2.7170577392805414507e-14 1.0546077730446811599e-14 3.7052791356775773707e-15 
2.5332729349566290855e-14 4.0702528424519518468e-14 6.0802017175405620453e-14 8.4670084257634087299e-14 1.0961575343162305307e-13 1.348912572352728434e-13 1.6874907504335623365e-13 2.2955162076732094079e-13 3.3183059165026174142e-13 4.6425520762796712582e-13 5.8258926112150777321e-13 6.3265435642015366291e-13 5.8792033741372762279e-13 4.678465189041081107e-13 3.2120194091295184435e-13 1.9281164121906502196e-13 1.0304720266104613891e-13 4.9930860905296817198e-14 2.2137646533623711598e-14 8.9216862250805079038e-15 
5.7558572166306609663e-14 9.5563185457340354967e-14 1.4676295931586452737e-13 2.0798208261955247744e-13 2.6767883699527206254e-13 3.1040138992119437056e-13 3.3263637070485296832e-13 3.5494168910445156317e-13 4.098306167089199592e-13 5.0856676725788418914e-13 6.1894315627614160391e-13 6.8181869655389859552e-13 6.5542032521778703646e-13 5.4603196963931566188e-13 3.9812887687139253412e-13 2.5913646228836739738e-13 1.5393860231666112171e-13 8.4501389175858920844e-14 4.2568230299196152533e-14 1.9228527122871867661e-14 
1.0452549877070296813e-13 1.7989242365699931181e-13 2.8544365222177292551e-13 4.1583167573362722624e-13 5.4534144127565964411e-13 6.3159736772219754464e-13 6.4485672661082626966e-13 6.0058951084976386348e-13 5.5530314504656508312e-13 5.5944149052883362927e-13 6.1143207467570515057e-13 6.5974152139644526294e-13 6.4986194594010560088e-13 5.6818812892503456347e-13 4.4368014037038383535e-13 3.1620918990865609643e-13 2.0952969990561259861e-13 1.2893818770922521599e-13 7.2038058298532631207e-14 3.5427939065486163672e-14 
1.5175653702431679548e-13 2.7144814716308085512e-13 4.46377364324984649e-13 6.7131174751045019633e-13 9.0473743948049634156e-13 1.0687410158249921466e-12 1.0932124346399452186e-12 9.7680663471017004085e-13 7.9906003688789972728e-13 6.6020089785692737117e-13 6.0485823164327379153e-13 6.0213655892968342975e-13 5.9109477295454793122e-13 5.3716319586838423561e-13 4.4761427637346473674e-13 3.4729134173495934679e-13 2.5303920742590635395e-13 1.7053449852342389415e-13 1.0296489816362733305e-13 5.3936120570892767678e-14 
1.7623748326586058388e-13 3.2842570893767963902e-13 5.6104898287986926242e-13 8.7313169932004552898e-13 1.2132360003788700276e-12 1.4721316613647283944e-12 1.5363786631805709249e-12 1.3764805267824087309e-12 1.0819400930728306776e-12 7.9661196259253608254e-13 6.1482627799688827075e-13 5.3571253336159863068e-13 5.0137389899507223134e-13 4.6180203758239279921e-13 4.0349581315046734176e-13 3.3448119491144567839e-13 2.6199585578291773036e-13 1.8894307234236518145e-13 1.2092975546721534963e-13 6.6566733679038203597e-14 
1.6380570944801720046e-13 3.1875251136487259274e-13 5.6683775511920386769e-13 9.1439627137451795491e-13 1.3121346457284355225e-12 1.6397589666303225009e-12 1.7573840603232748769e-12 1.6061850200560501278e-12 1.2643095121181446849e-12 8.9201096595964424196e-13 6.1693922540073664607e-13 4.6813589246394449184e-13 4.0079967339803901361e-13 3.606938153103561584e-13 3.2105879912112944563e-13 2.7700064464397655684e-13 2.2768625092955963041e-13 1.722742364344484467e-13 1.1526523279684758316e-13 6.6086371130254922823e-14 
1.2193113814625011759e-13 2.4827541281538523243e-13 4.604130119691129952e-13 7.7091772635734523433e-13 1.1436913699078288253e-12 1.4740251120387570793e-12 1.6270575381796548164e-12 1.5288905124560825399e-12 1.2301183292470763142e-12 8.7106949257786947527e-13 5.8020965419333658808e-13 4.0353603705106655397e-13 3.1452393315679894048e-13 2.6734533640701552137e-13 2.3328604673023001226e-13 2.0191696079897847316e-13 1.6867861545467183193e-13 1.306535717289503129e-13 8.9852116632455070189e-14 5.307523694088496502e-14 
7.2733445243174099648e-14 1.5525804925552166846e-13 3.0068371295426110645e-13 5.2315693010313024658e-13 8.0315176167675139673e-13 1.0688366424566053681e-12 1.2181042849737644396e-12 1.1839481218328673506e-12 9.8868135900431752816e-13 7.2861443441152307088e-13 5.0211207804420898704e-13 3.5214504381063382876e-13 2.6703539011095622779e-13 2.1675914643921878611e-13 1.8038115489130146507e-13 1.4928726657648105913e-13 1.1989386805404123049e-13 9.024911758670137174e-14 6.1174460950445125329e-14 3.6101238778995028977e-14 
3.4789970790273169743e-14 7.7974458216178293979e-14 1.5788547769526872777e-13 2.8570597493740579331e-13 4.5434657555340485224e-13 6.2539090659591289878e-13 7.3856486247983466065e-13 7.4890137494176833854e-13 6.6191344939847684969e-13 5.2910952529072741157e-13 4.066916616841942389e-13 3.2003753488475672473e-13 2.6328695083496778118e-13 2.2069982831291606873e-13 1.8204914572356178937e-13 1.4413250866256166471e-13 1.0730642313301966273e-13 7.3538201081965043349e-14 4.5414345705265327102e-14 2.4793516645673675802e-14 
1.3350917220996284113e-14 3.1456858873377818719e-14 6.6649675145233344686e-14 1.2554281887070667389e-13 2.070948664292804331e-13 2.9572045224905696426e-13 3.6437487142132463092e-13 3.9139199693727366736e-13 3.7771478653136902892e-13 3.4517785223002472872e-13 3.1616151211812104638e-13 2.9694088442451527232e-13 2.8012604714154620833e-13 2.5689240773681121244e-13 2.2334975394774220225e-13 1.8006135590799970947e-13 1.3138477122660169316e-13 8.4841720237802120685e-14 4.7731248478417170888e-14 2.321254150808478578e-14 
4.1124190743025128975e-15 1.0194779285902563076e-14 2.2615960956740531473e-14 4.4387745161324904108e-14 7.6136932045459126961e-14 1.1344007330715832893e-13 1.4778671721723396493e-13 1.728741254964846763e-13 1.9087628613106977227e-13 2.1038655843505504883e-13 2.3656551435650985393e-13 2.6470565648271937587e-13 2.8425314402627521737e-13 2.8646537724406895276e-13 2.6705252050528149876e-13 2.2603993058822186013e-13 1.6960932170458770107e-13 1.1027730649221939574e-13 6.1097848514431868372e-14 2.8566508018671235569e-14 
1.0170703644926280471e-15 2.6542245387916859126e-15 6.1685182854123894736e-15 1.2636406813504655333e-14 2.2644534766183208041e-14 3.5617664281275759897e-14 5.0342298689096121045e-14 6.7188076391562490119e-14 8.9884005728853300088e-14 1.2345173169316103756e-13 1.6869162588074165798e-13 2.1880938629991603106e-13 2.6201396195919823828e-13 2.8661694870778242628e-13 2.8404942243806519109e-13 2.5131985251572452889e-13 1.9467333832196703769e-13 1.295395539967214571e-13 7.2965166352488564083e-14 3.4448440329676657812e-14 
2.0200400391634157479e-16 5.5514422896016596756e-16 1.3529971727474607475e-15 2.9034749949495780932e-15 5.4920714209880008155e-15 9.3506626730856592933e-15 1.5077799712980358149e-14 2.4648187814781466476e-14 4.2123070439700760481e-14 7.2388147180028200589e-14 1.1749170972068234686e-13 1.7295972325800240688e-13 2.2731129316073267477e-13 2.6543684242784360006e-13 2.741713377597126966e-13 2.4839754819011572451e-13 1.9510041911023623395e-13 1.3121391451674513373e-13 7.4742837787022953222e-14 3.575299642932447397e-14 
3.2225480974853163612e-17 9.3317381570989853083e-17 2.3916364371485315018e-16 5.4271407339876831348e-16 1.1121881410627865172e-15 2.1750184017396440722e-15 4.4062213459036131402e-15 9.625952616108043175e-15 2.1540671264926036788e-14 4.543002597918489871e-14 8.5491984043277458039e-14 1.4014042205336141311e-13 1.9847693638348068434e-13 2.4234612797449650579e-13 2.5492945970352620666e-13 2.3071136472617437274e-13 1.7913317042813486912e-13 1.1882163276303453481e-13 6.6976982228579562406e-14 3.189964704062089873e-14 
4.1313643227440599115e-18 1.2635016766263762022e-17 3.437267640891831285e-17 8.498034067363119436e-17 2.0370436961839537933e-16 5.2456623368516731853e-16 1.5176876945062456846e-15 4.5631418226789975667e-15 1.2811040443273021688e-14 3.152722020624033894e-14 6.6207381645231461187e-14 1.1745682551578262576e-13 1.7545723717243139061e-13 2.2061961090467929747e-13 2.3379608253722150568e-13 2.0925112770991960431e-13 1.585480471954017756e-13 1.0189553600837772396e-13 5.559347605746736698e-14 2.5733167563512550358e-14 
4.2677768489092876571e-19 1.3932257857946226766e-18 4.1778005879715617791e-18 1.2495740230625145987e-17 4.2326484528481153852e-17 1.6737768084439000153e-16 6.8446143723174964445e-16 2.558229871362882428e-15 8.2241351112588047256e-15 2.2222620878892263008e-14 5.0052244114770147454e-14 9.3678740437606877745e-14 1.4556520051833832241e-13 1.8784964089888639416e-13 2.015778088068978513e-13 1.8024531791161618743e-13 1.3468242634432497917e-13 8.4385122045387006562e-14 4.4494389997516009538e-14 1.9809476528207491108e-14 
3.6043044561154246692e-20 1.3211770102727585674e-19 5.0442926489434423869e-19 2.322594326668496577e-18 1.2716184691051140416e-17 7.0061999359894431335e-17 3.4350637670421940023e-16 1.4257178100054394149e-15 4.9258362484956054461e-15 1.4086450986238764627e-14 3.3272660343065807442e-14 6.4862828649814296966e-14 1.0434259386420466353e-13 1.3855333980822281958e-13 1.5197833768375301755e-13 1.3787321978542266265e-13 1.0362590234687385493e-13 6.4678873422461397036e-14 3.362381987420670626e-14 1.4609893630719399116e-14 
