현재 지정 모델/accident_5.asc
ncols         20
nrows         20
xllcorner     202043.92331028884
yllcorner     551161.691323056
cellsize      243.329816402587
NODATA_value  -9999
2.13985E-1 2.40038E-1 2.45838E-1 2.46155E-1 2.47E-1 2.4912E-1 2.53648E-1 2.61566E-1 2.72557E-1 2.83996E-1 2.91493E-1 2.91529E-1 2.84163E-1 2.72902E-1 2.6198E-1 2.53939E-1 2.49181E-1 1.70168E-1 2.45932E-1 2.0925E-1
2.46089E-1 2.46408E-1 2.46857E-1 2.47587E-1 2.49064E-1 2.52433E-1 2.59719E-1 2.73149E-1 2.93155E-1 3.15834E-1 3.327E-1 3.35459E-1 3.22733E-1 3.01134E-1 2.72146E-1 2.15913E-1 1.64282E-1 1.47137E-1 2.46597E-1 2.45833E-1
2.47611E-1 2.48807E-1 2.50375E-1 2.52387E-1 2.55135E-1 2.59756E-1 2.68966E-1 2.86645E-1 3.15129E-1 3.50585E-1 3.80455E-1 3.89587E-1 3.72738E-1 3.39253E-1 6.24034E-1 1.67646E-1 9.22572E-2 5.70663E-2 2.33414E-1 2.46372E-1
2.51548E-1 2.5528E-1 2.60229E-1 2.66207E-1 2.72574E-1 2.79148E-1 2.88152E-1 3.04892E-1 3.34712E-1 3.76402E-1 4.16509E-1 4.34246E-1 7.60806E-1 7.24845E-1 4.4232E-1 2.94689E-1 1.59161E-1 2.01696E-1 2.50778E-1 2.47613E-1
2.59425E-1 2.68972E-1 2.8228E-1 2.98869E-1 3.15764E-1 3.28291E-1 3.34955E-1 3.41739E-1 3.58851E-1 3.91113E-1 4.29345E-1 5.03584E-1 4.40108E-1 9.17077E-1 4.23317E-1 3.11E-1 8.84605E-2 2.66165E-1 2.55736E-1 2.50078E-1
2.71265E-1 2.91165E-1 3.20929E-1 3.60758E-1 4.03604E-1 4.11737E-1 3.53878E-1 4.22835E-1 4.0703E-1 4.05686E-1 5.84178E-1 4.44023E-1 4.19637E-1 4.09242E-1 3.67103E-1 6.61148E-1 1.75591E-1 2.77589E-1 2.6303E-1 2.53994E-1
2.83605E-1 3.16855E-1 3.70574E-1 4.48237E-1 4.79165E-1 7.80692E-1 6.3292E-1 5.06779E-1 4.37728E-1 7.17424E-1 9.27051E-1 8.22495E-1 2.56447E-1 4.00804E-1 3.70975E-1 5.90226E-1 7.47214E-3 2.27115E-1 2.70864E-1 2.5853E-1
2.90174E-1 3.33686E-1 4.09015E-1 5.24976E-1 5.98655E-1 9.73468E-1 7.893E-1 7.28405E-1 3.88753E-1 4.95214E-1 4.27879E-1 9.48589E-1 5.16119E-1 8.27152E-1 3.90484E-1 4.01194E-1 1.9964E-1 1.39698E-1 2.75501E-1 2.61663E-1
2.86824E-1 3.30783E-1 4.11021E-1 5.41307E-1 5.62056E-1 6.35928E-1 6.80922E-1 9.78456E-1 6.14218E-1 9.89695E-1 4.26327E-1 1.52983E-1 6.94855E-1 3.41038E-1 4.44621E-1 3.18466E-1 1.79441E-1 6.01422E-2 2.74032E-1 2.61543E-1
2.75762E-1 3.10195E-1 3.75144E-1 4.7988E-1 4.98722E-1 4.77701E-1 9.26651E-1 7.79382E-1 7.50806E-1 6.59342E-1 6.80051E-1 3.54325E-1 3.27128E-1 3.13352E-1 3.05944E-1 2.97193E-1 2.88146E-1 3.5778E-2 2.17791E-1 2.58317E-1
2.63204E-1 2.84538E-1 6.96097E-1 2.0312E-1 9.15863E-1 9.98921E-1 9.98338E-1 9.96056E-1 7.6042E-1 6.32024E-1 3.82468E-1 9.63816E-1 3.15578E-1 3.01309E-1 2.91298E-1 2.82949E-1 1.32243E-1 5.71584E-1 2.23747E-1 2.54158E-1
2.53839E-1 2.64519E-1 5.13897E-1 4.1096E-1 5.1148E-1 8.30882E-1 4.73157E-1 5.73336E-1 2.21618E-1 3.49127E-1 3.70373E-1 1.65658E-1 3.12187E-1 3.00168E-1 2.89572E-1 2.79464E-1 2.82176E-1 2.61397E-1 3.02702E-1 4.72024E-1
6.23287E-1 2.5303E-1 3.03389E-1 2.39711E-1 2.82921E-1 6.80654E-1 5.60016E-1 2.62697E-1 3.04309E-1 3.36788E-1 6.63774E-1 4.1487E-1 6.46086E-1 4.29379E-1 3.03151E-1 2.89035E-1 2.66319E-1 1.21739E-1 2.57002E-1 4.82972E-1
4.52383E-1 2.46005E-1 2.96343E-1 3.35181E-1 6.83769E-2 8.59273E-1 6.78203E-1 8.14551E-1 1.82813E-1 6.12236E-1 5.48159E-1 1.53503E-1 9.83555E-1 2.795E-1 3.15583E-1 8.33251E-1 2.50113E-1 6.4629E-1 6.15279E-1 2.52329E-1
8.55784E-1 2.46123E-1 5.29875E-1 2.46954E-1 3.23811E-2 8.43105E-1 2.21387E-1 2.59819E-1 2.34332E-1 2.72601E-1 5.05492E-1 5.35313E-1 9.66477E-1 9.27556E-1 2.78866E-1 6.20387E-1 9.42187E-1 5.36664E-1 4.4324E-1 5.39836E-2
1.86794E-1 2.12822E-1 8.10645E-1 7.34365E-1 2.46797E-1 2.47715E-1 2.49083E-1 2.51383E-1 2.54046E-1 5.38531E-1 5.01336E-1 8.66592E-1 9.21083E-1 3.15117E-1 1.59405E-1 3.0611E-1 3.80284E-1 9.12479E-1 5.5948E-1 5.8356E-2
1.75307E-1 1.79366E-1 1.89395E-1 2.11856E-1 2.45758E-1 2.4601E-1 2.46539E-1 2.4778E-1 2.50634E-1 2.00797E-1 3.00962E-1 6.04747E-1 6.04038E-1 3.06232E-1 2.71308E-1 4.34078E-1 3.48381E-1 2.73276E-1 1.98548E-1 1.74719E-1
1.73468E-1 1.74023E-1 1.75448E-1 1.78807E-1 1.86912E-1 2.10451E-1 2.45854E-1 2.46576E-1 2.48541E-1 2.53047E-1 2.61573E-1 9.12598E-1 9.20683E-1 3.99727E-1 7.09636E-1 6.75511E-1 5.96367E-1 3.1481E-1 3.33632E-1 2.51645E-1
1.73227E-1 1.73289E-1 1.73471E-1 1.74013E-1 1.75972E-1 1.84398E-1 2.23108E-1 2.461E-1 2.47446E-1 2.50798E-1 2.57573E-1 2.68492E-1 8.4787E-1 3.46544E-1 2.94888E-1 3.70701E-1 2.76989E-1 3.79735E-1 7.87269E-2 2.50218E-1
1.73201E-1 1.73207E-1 1.73232E-1 1.7335E-1 1.74028E-1 1.77811E-1 1.96869E-1 2.45832E-1 2.46662E-1 2.48846E-1 2.5347E-1 2.61238E-1 2.71218E-1 2.78408E-1 3.42002E-1 3.48723E-1 2.71034E-1 4.37671E-2 2.53556E-1 2.48971E-1
