현재 지정 모델/accident_9.asc
ncols         20
nrows         20
xllcorner     202043.92331028884
yllcorner     551161.691323056
cellsize      243.329816402587
NODATA_value  -9999
5.3673E-2 5.41048E-2 5.48838E-2 5.67681E-2 6.21044E-2 7.7609E-2 1.23359E-1 2.62182E-1 3.03992E-1 3.14585E-1 3.2149E-1 3.21524E-1 3.14739E-1 3.04313E-1 3.61262E-1 1.26992E-1 7.8107E-2 4.84705E-2 5.54369E-2 5.35902E-2
5.63729E-2 5.83222E-2 6.1169E-2 6.60816E-2 7.71593E-2 1.0914E-1 2.21649E-1 3.04543E-1 3.23018E-1 3.43721E-1 3.58968E-1 3.61451E-1 3.49972E-1 3.30329E-1 3.54013E-1 4.64145E-1 9.41364E-2 5.87947E-2 5.9505E-2 5.48504E-2
6.62434E-2 7.51175E-2 8.84063E-2 1.08632E-1 1.4299E-1 2.22417E-1 3.00653E-1 3.17029E-1 3.43082E-1 3.75011E-1 4.01544E-1 4.09597E-1 3.94718E-1 3.64861E-1 3.76898E-1 2.58551E-1 1.80949E-1 4.36223E-2 6.63978E-2 5.80993E-2
9.97336E-2 1.45052E-1 2.32304E-1 2.91128E-1 3.04008E-1 3.10105E-1 3.18418E-1 3.33762E-1 3.60779E-1 3.97961E-1 4.33197E-1 4.48642E-1 2.95401E-1 7.07514E-1 7.54278E-1 3.24426E-1 1.12119E-1 1.56105E-1 9.21577E-2 6.6258E-2
2.15705E-1 3.00659E-1 3.13001E-1 3.28258E-1 3.43658E-1 3.54995E-1 3.60998E-1 3.67091E-1 3.82385E-1 4.10941E-1 4.44382E-1 4.64101E-1 3.97418E-1 8.24663E-1 9.19568E-1 2.81478E-1 1.80502E-1 2.90874E-1 1.51689E-1 8.57374E-2
3.02792E-1 3.2119E-1 3.4834E-1 3.84082E-1 4.2191E-1 4.3527E-1 4.01358E-1 4.38715E-1 4.24911E-1 2.83389E-1 6.71353E-1 4.57124E-1 5.60443E-1 6.66234E-1 5.35453E-1 6.44015E-1 1.62777E-1 3.08661E-1 2.72562E-1 1.27698E-1
3.14225E-1 3.44647E-1 3.928E-1 4.60773E-1 5.37348E-1 6.70152E-1 6.45706E-1 5.61916E-1 4.40387E-1 3.98804E-1 6.21122E-1 3.73197E-1 3.98122E-1 4.19455E-1 3.93156E-1 7.03665E-1 8.05159E-2 2.78997E-1 3.02419E-1 1.98378E-1
3.20278E-1 3.59856E-1 4.26648E-1 5.2669E-1 7.11583E-1 7.67544E-1 7.22192E-1 6.67291E-1 4.21391E-1 5.01229E-1 4.43107E-1 7.45594E-1 8.39337E-1 9.64445E-1 7.10055E-1 4.25054E-1 2.11401E-1 2.14605E-1 3.06726E-1 2.64449E-1
3.17194E-1 3.57241E-1 4.28402E-1 6.75207E-1 6.8479E-1 6.78684E-1 9.78369E-1 7.03772E-1 5.6121E-1 9.80444E-1 3.86372E-1 1.32538E-1 3.20145E-1 2.41142E-1 5.79292E-1 4.58898E-1 2.03844E-1 1.28075E-1 3.05363E-1 2.61638E-1
3.06967E-1 3.38596E-1 3.96848E-1 2.87591E-1 8.19439E-1 6.94355E-1 9.77204E-1 9.17241E-1 7.58085E-1 8.27339E-1 5.93203E-1 2.3067E-1 2.32112E-1 2.2318E-1 3.34722E-1 3.26722E-1 2.66741E-1 1.00144E-1 2.89173E-1 1.94443E-1
2.73559E-1 3.15085E-1 4.66E-1 3.46026E-1 4.0067E-1 9.90803E-1 6.87492E-1 9.91181E-1 9.70466E-1 7.86242E-1 3.29418E-1 7.08601E-1 3.43489E-1 3.30489E-1 3.21312E-1 3.13619E-1 2.14279E-1 5.76453E-1 1.99285E-1 1.29802E-1
1.97405E-1 2.81166E-1 1.87552E-1 3.7486E-1 7.48947E-1 9.64748E-1 8.18585E-1 9.92646E-1 5.6458E-1 4.17046E-1 2.77105E-1 2.33175E-1 2.05113E-1 2.14638E-1 2.07774E-1 2.01225E-1 2.97483E-1 3.64592E-1 1.03424E-1 1.16802E-1
3.04445E-1 1.82611E-1 4.0374E-1 7.14004E-1 6.35121E-1 9.1113E-1 9.76929E-1 5.61329E-1 3.73385E-1 4.20458E-1 5.76014E-1 3.78E-1 9.05493E-1 8.72154E-1 3.32173E-1 2.07426E-1 6.00661E-1 4.7245E-1 1.71516E-1 7.06526E-2
1.60759E-1 3.8051E-2 1.11364E-1 3.66079E-1 1.31232E-1 8.708E-1 6.27978E-1 3.90235E-1 3.88563E-1 6.84264E-1 3.35567E-1 3.91184E-1 6.57897E-1 5.36429E-1 3.43494E-1 9.29283E-1 2.95361E-1 9.09335E-1 4.04563E-1 9.9029E-2
6.62595E-2 5.65774E-2 9.04144E-2 1.06635E-1 1.68251E-2 1.52327E-1 1.54368E-1 1.55545E-1 3.24817E-1 4.11905E-1 2.48685E-1 3.76592E-1 9.47186E-1 4.09624E-1 3.231E-1 2.0795E-1 9.0197E-1 7.21268E-1 5.37117E-1 4.76619E-2
5.31755E-2 5.36528E-2 6.68213E-2 8.87071E-2 6.0778E-2 6.69761E-2 7.73105E-2 8.98774E-2 1.26627E-1 2.74474E-1 3.05898E-1 4.04352E-1 8.45226E-1 4.55259E-1 5.00109E-1 3.09546E-1 3.50188E-1 8.94788E-1 5.41041E-1 9.15896E-2
5.29474E-2 5.30294E-2 5.32255E-2 5.3636E-2 5.44143E-2 5.58964E-2 5.91362E-2 6.74409E-2 9.08041E-2 1.2869E-1 6.60182E-1 3.10457E-1 6.12864E-1 2.99907E-1 5.90699E-1 3.99377E-1 3.53255E-1 4.20706E-1 1.56999E-1 8.55388E-2
5.29098E-2 5.29212E-2 5.29503E-2 5.30182E-2 5.31778E-2 5.36113E-2 5.49752E-2 5.93708E-2 7.30492E-2 1.16122E-1 3.92233E-1 8.48475E-1 8.35228E-1 6.44339E-1 6.51264E-1 5.40974E-1 5.35367E-1 1.98856E-1 1.72991E-1 1.00724E-1
5.29048E-2 5.29061E-2 5.29099E-2 5.2921E-2 5.2961E-2 5.31289E-2 5.38287E-2 5.64403E-2 6.51061E-2 9.2352E-2 1.81161E-1 3.00212E-1 4.97342E-1 2.70405E-1 2.11218E-1 7.43827E-1 1.99621E-1 1.67808E-1 8.70629E-2 8.69845E-2
5.29043E-2 5.29044E-2 5.29049E-2 5.29074E-2 5.29213E-2 5.29982E-2 5.33663E-2 5.48475E-2 5.99164E-2 7.54183E-2 1.21176E-1 2.54588E-1 3.02748E-1 2.66663E-1 5.99443E-1 6.83588E-1 3.78345E-1 1.01802E-1 1.22217E-1 7.64118E-2
