현재 지정 모델/accident_11.asc
ncols         20
nrows         20
xllcorner     202043.92331028884
yllcorner     551161.691323056
cellsize      243.329816402587
NODATA_value  -9999
1.55152E-1 1.5541E-1 1.55872E-1 1.56969E-1 1.59927E-1 1.67526E-1 1.84656E-1 2.17615E-1 2.69868E-1 3.05473E-1 3.12965E-1 3.13001E-1 3.0564E-1 2.71631E-1 2.19443E-1 2.37211E-1 1.6775E-1 1.04514E-1 1.56197E-1 1.55102E-1
1.56741E-1 1.57852E-1 1.59423E-1 1.62005E-1 1.67323E-1 1.79938E-1 2.09577E-1 2.729E-1 3.14624E-1 3.3719E-1 3.46964E-1 3.48294E-1 3.42121E-1 3.22578E-1 7.09251E-1 2.07421E-1 1.46369E-1 9.83904E-2 1.58512E-1 1.55853E-1
1.62088E-1 1.66389E-1 1.7215E-1 1.79762E-1 1.90549E-1 2.09737E-1 2.51961E-1 3.08122E-1 3.36491E-1 3.55511E-1 3.69428E-1 3.73604E-1 3.65872E-1 3.50116E-1 2.69803E-1 2.09273E-1 9.72205E-2 6.61885E-2 1.52539E-1 1.57726E-1
1.76558E-1 1.91132E-1 2.11776E-1 2.38752E-1 2.69955E-1 3.0062E-1 3.09629E-1 3.26319E-1 3.47934E-1 3.67563E-1 3.85737E-1 3.93602E-1 3.43991E-1 3.68106E-1 8.41318E-1 3.16155E-1 1.6788E-1 1.95669E-1 1.73655E-1 1.62095E-1
2.08319E-1 2.51991E-1 3.03756E-1 3.20323E-1 3.37121E-1 3.44829E-1 3.48051E-1 3.51305E-1 3.59405E-1 3.74299E-1 3.91438E-1 4.41953E-1 5.73825E-1 6.76417E-1 3.87886E-1 3.88772E-1 9.31716E-2 2.38552E-1 1.92971E-1 1.71049E-1
2.63331E-1 3.12638E-1 3.41238E-1 3.60298E-1 3.79953E-1 3.70959E-1 3.10713E-1 3.88553E-1 3.81494E-1 2.53026E-1 7.65059E-1 3.97901E-1 4.35186E-1 8.10113E-1 5.13931E-1 9.91876E-1 2.08355E-1 2.96321E-1 2.24133E-1 1.86015E-1
3.05082E-1 3.38203E-1 3.64869E-1 3.99746E-1 4.04148E-1 5.36676E-1 7.54867E-1 5.07466E-1 5.62044E-1 7.57634E-1 5.94082E-1 2.87545E-1 7.90832E-1 3.7869E-1 3.65055E-1 9.14073E-1 1.16614E-2 2.39964E-1 2.61327E-1 2.04516E-1
3.11649E-1 3.47439E-1 3.82385E-1 4.32795E-1 6.41071E-1 6.22634E-1 7.9764E-1 8.55777E-1 3.52994E-1 4.20076E-1 3.9079E-1 6.53598E-1 5.00314E-1 7.13174E-1 7.91671E-1 6.12004E-1 1.83361E-1 1.41734E-1 2.85157E-1 2.18041E-1
3.08301E-1 3.46037E-1 3.83284E-1 4.39746E-1 6.98289E-1 6.86657E-1 7.72549E-1 6.65452E-1 6.90067E-1 9.68929E-1 8.18062E-1 1.56173E-1 2.97983E-1 2.31266E-1 4.14866E-1 3.39802E-1 4.77747E-1 1.05194E-1 2.77463E-1 2.17513E-1
2.86535E-1 3.31592E-1 3.66983E-1 4.22378E-1 3.9151E-1 6.47654E-1 6.81897E-1 7.76219E-1 5.3111E-1 9.13879E-1 7.79818E-1 4.15077E-1 2.26443E-1 2.20444E-1 3.27366E-1 3.96762E-1 5.92958E-1 6.85742E-2 2.08658E-1 2.03622E-1
2.24918E-1 3.06015E-1 5.9376E-1 6.87618E-1 5.81301E-1 9.99753E-1 8.49797E-1 9.9712E-1 7.6628E-1 8.68439E-1 5.83772E-1 8.08359E-1 3.36937E-1 3.22753E-1 3.12771E-1 3.04426E-1 3.15621E-1 2.45458E-1 3.02961E-1 1.86662E-1
3.3561E-1 2.92389E-1 6.19537E-1 2.67282E-1 2.24487E-1 8.57074E-1 4.1058E-1 9.89581E-1 8.01477E-1 3.46673E-1 4.48742E-1 2.87668E-1 4.78658E-1 2.11092E-1 2.03604E-1 1.96483E-1 2.7074E-1 1.43657E-1 3.46187E-1 2.47055E-1
1.822E-1 4.10495E-1 5.11729E-1 3.34903E-1 5.91233E-1 7.79994E-1 6.80212E-1 4.5779E-1 3.25221E-1 7.72129E-1 3.45662E-1 2.68619E-1 8.16986E-1 6.68989E-1 4.03674E-1 2.58649E-1 9.28101E-1 3.86284E-1 1.98142E-1 1.87997E-1
7.89189E-1 1.93633E-1 2.26807E-1 2.33849E-1 5.17595E-2 6.72529E-1 3.30954E-1 4.27367E-1 7.00859E-1 7.36743E-1 4.82942E-1 5.13633E-1 8.55676E-1 5.34489E-1 3.36942E-1 3.29504E-1 5.83124E-1 7.94936E-1 3.00172E-1 4.05362E-1
5.66778E-1 2.01298E-1 6.04943E-1 3.30338E-1 1.27446E-1 8.95972E-1 2.87677E-1 3.24855E-1 3.01994E-1 3.67465E-1 5.98536E-1 5.81323E-1 7.18653E-1 5.41837E-1 5.26204E-1 6.6842E-1 9.96078E-1 5.28564E-1 2.41791E-1 1.28394E-1
1.54852E-1 1.5514E-1 5.21637E-1 4.28115E-1 1.59211E-1 1.62459E-1 1.67391E-1 3.20117E-1 3.02552E-1 6.20209E-1 4.20509E-1 4.60391E-1 9.37707E-1 3.36479E-1 5.61965E-1 4.18332E-1 2.47079E-1 9.06207E-1 2.92923E-1 1.16261E-1
1.54714E-1 1.54764E-1 1.54883E-1 1.5513E-1 1.55594E-1 1.56465E-1 1.58307E-1 1.62693E-1 1.73117E-1 2.74722E-1 8.5699E-1 5.11832E-1 4.76348E-1 2.15389E-1 6.16006E-1 2.96606E-1 7.59899E-1 5.21065E-1 1.40967E-1 2.25529E-1
1.54691E-1 1.54698E-1 1.54716E-1 1.54757E-1 1.54854E-1 1.55115E-1 1.55926E-1 1.58437E-1 1.65423E-1 1.82309E-1 3.87012E-1 9.66636E-1 7.4528E-1 7.70075E-1 5.03512E-1 5.5415E-1 7.75877E-1 4.66799E-1 2.47979E-1 1.76925E-1
1.54688E-1 1.54689E-1 1.54691E-1 1.54698E-1 1.54722E-1 1.54824E-1 1.55245E-1 1.5678E-1 1.61505E-1 1.73732E-1 2.00506E-1 2.49658E-1 5.81568E-1 2.60472E-1 2.07359E-1 9.51428E-1 1.94743E-1 1.64532E-1 5.64599E-2 1.71567E-1
1.54688E-1 1.54688E-1 1.54688E-1 1.5469E-1 1.54698E-1 1.54745E-1 1.54967E-1 1.55851E-1 1.58739E-1 1.66528E-1 1.83959E-1 2.16173E-1 2.63096E-1 5.49199E-1 3.32141E-1 6.65E-1 4.54611E-1 3.25049E-2 1.84293E-1 1.66983E-1
