현재 지정 모델/accident_29.asc
ncols         20
nrows         20
xllcorner     202043.92331028884
yllcorner     551161.691323056
cellsize      243.329816402587
NODATA_value  -9999
1.80586E-1 1.80736E-1 1.81004E-1 1.81637E-1 1.83336E-1 1.87636E-1 1.97014E-1 2.14039E-1 2.38971E-1 2.66486E-1 2.85351E-1 2.85444E-1 2.66898E-1 2.39778E-1 2.23996E-1 2.58816E-1 1.87761E-1 1.04265E-1 1.81192E-1 1.80557E-1
1.81506E-1 1.82146E-1 1.83048E-1 1.84521E-1 1.87522E-1 1.94472E-1 2.09995E-1 2.40357E-1 2.8962E-1 3.50803E-1 3.99446E-1 4.0762E-1 3.70409E-1 3.10537E-1 4.89199E-1 4.03451E-1 1.36519E-1 1.4366E-1 1.82525E-1 1.80992E-1
1.84568E-1 1.86998E-1 1.90208E-1 1.94376E-1 2.00149E-1 2.10077E-1 2.30662E-1 2.73079E-1 3.48825E-1 4.41233E-1 4.6391E-1 4.70716E-1 4.58114E-1 4.18946E-1 7.17855E-1 2.46546E-1 3.18376E-2 4.76448E-2 1.69109E-1 1.82074E-1
1.92632E-1 2.00458E-1 2.11108E-1 2.24384E-1 2.39011E-1 2.54635E-1 2.76866E-1 3.20625E-1 4.05401E-1 4.60871E-1 4.90474E-1 5.03263E-1 6.31189E-1 7.91974E-1 6.75424E-1 2.93589E-1 7.98132E-2 1.88146E-1 1.91039E-1 1.84572E-1
2.09357E-1 2.30676E-1 2.62259E-1 3.04532E-1 3.50607E-1 3.86505E-1 4.06123E-1 4.2642E-1 4.47576E-1 4.71848E-1 4.99746E-1 6.09435E-1 4.09523E-1 9.21867E-1 5.03176E-1 3.11478E-1 8.1128E-2 2.24288E-1 2.01426E-1 1.89599E-1
2.35963E-1 2.84514E-1 3.65242E-1 4.49031E-1 4.81058E-1 4.68365E-1 3.75513E-1 4.95055E-1 4.83567E-1 4.78695E-1 7.57253E-1 5.10243E-1 3.53446E-1 6.74851E-1 5.49843E-1 9.87283E-1 1.18583E-1 2.50881E-1 2.17272E-1 1.97741E-1
2.6552E-1 3.53677E-1 4.5648E-1 5.13237E-1 6.92323E-1 6.04776E-1 7.44506E-1 8.15686E-1 5.53851E-1 5.16725E-1 9.60103E-1 8.71293E-1 9.59509E-1 4.79002E-1 4.56783E-1 7.30245E-1 1.34374E-3 1.95303E-1 2.35035E-1 2.07416E-1
2.81987E-1 4.0236E-1 4.85018E-1 5.66478E-1 6.82952E-1 7.39196E-1 6.90945E-1 7.58101E-1 7.11182E-1 5.46087E-1 4.98692E-1 9.15232E-1 6.68224E-1 8.1647E-1 6.55468E-1 3.6286E-1 2.89243E-1 9.68986E-2 2.45903E-1 2.14251E-1
2.73526E-1 3.938E-1 4.86481E-1 5.94636E-1 5.67979E-1 8.3354E-1 9.05556E-1 9.7375E-1 7.36164E-1 9.33175E-1 6.48242E-1 7.11134E-2 8.43509E-1 4.26193E-1 4.95496E-1 3.71723E-1 3.44687E-1 1.10703E-1 2.42432E-1 2.13988E-1
2.46521E-1 3.35104E-1 4.59925E-1 4.31013E-1 4.10477E-1 7.50713E-1 7.67598E-1 7.30451E-1 6.63181E-1 8.33666E-1 5.85606E-1 3.93166E-1 3.84879E-1 3.45493E-1 3.23475E-1 3.84557E-1 8.37269E-1 1.80719E-2 2.74669E-1 2.06957E-1
2.17658E-1 2.67827E-1 8.49161E-1 6.88624E-1 7.16679E-1 9.11642E-1 9.24605E-1 9.93007E-1 7.37671E-1 8.84482E-1 4.23374E-1 8.02257E-1 3.50085E-1 3.11004E-1 2.84853E-1 2.63903E-1 2.22072E-1 4.80325E-1 2.15045E-1 1.98086E-1
1.84367E-1 2.87524E-1 3.91637E-1 3.60471E-1 7.29269E-1 9.80503E-1 5.74265E-1 9.8568E-1 6.28429E-1 5.90546E-1 5.53955E-1 4.89137E-1 3.87574E-1 3.09478E-1 2.81859E-1 2.567E-1 2.47986E-1 2.36271E-1 2.51526E-1 1.94943E-1
4.22444E-1 2.40087E-1 2.33851E-1 4.65358E-1 5.19554E-1 6.39244E-1 8.37385E-1 8.0061E-1 5.49948E-1 5.7489E-1 7.06315E-1 3.69857E-1 5.31814E-1 7.30089E-1 4.03396E-1 3.60962E-1 5.45801E-1 3.53294E-1 2.04128E-1 4.4184E-1
6.6262E-1 1.59015E-1 4.12927E-1 2.10966E-1 2.911E-2 8.50009E-1 5.28753E-1 6.80654E-1 6.35573E-1 3.91684E-1 4.18778E-1 4.60475E-1 9.98063E-1 7.48443E-1 3.50099E-1 6.14511E-1 4.07865E-1 3.55752E-1 6.43581E-1 2.23381E-1
6.24329E-1 2.38575E-1 3.15615E-1 2.00449E-1 6.02933E-2 4.1911E-1 2.09153E-1 2.42595E-1 3.64962E-1 5.14909E-1 4.10051E-1 4.33731E-1 7.49348E-1 7.7234E-1 4.15278E-1 4.63396E-1 9.49294E-1 3.00453E-1 7.2107E-1 1.1877E-1
1.80412E-1 1.80579E-1 5.30617E-1 5.03894E-1 1.82926E-1 1.84779E-1 1.8756E-1 1.67856E-1 1.53221E-1 1.01232E-1 3.19103E-1 6.54313E-1 8.04771E-1 3.62031E-1 3.34791E-1 3.52861E-1 2.90961E-1 9.67945E-1 4.9144E-1 1.53025E-1
1.80332E-1 1.80361E-1 1.8043E-1 1.80573E-1 1.80843E-1 1.81346E-1 1.82408E-1 1.84912E-1 1.90742E-1 1.22025E-1 5.87037E-1 6.7544E-1 6.24074E-1 3.38436E-1 5.26639E-1 5.97708E-1 3.96288E-1 2.62329E-1 3.04467E-1 9.71398E-2
1.80319E-1 1.80323E-1 1.80333E-1 1.80357E-1 1.80413E-1 1.80565E-1 1.81035E-1 1.82483E-1 1.86455E-1 1.95753E-1 2.00049E-1 8.55608E-1 6.50001E-1 7.7528E-1 6.97516E-1 4.93746E-1 3.74692E-1 2.68655E-1 2.08371E-1 1.92832E-1
1.80317E-1 1.80318E-1 1.80319E-1 1.80323E-1 1.80337E-1 1.80396E-1 1.8064E-1 1.81528E-1 1.84237E-1 1.91081E-1 2.05353E-1 2.29577E-1 6.99313E-1 6.59705E-1 2.95563E-1 7.83611E-1 2.50722E-1 2.01248E-1 5.97635E-2 1.89885E-1
1.80317E-1 1.80317E-1 1.80317E-1 1.80318E-1 1.80323E-1 1.8035E-1 1.80479E-1 1.80991E-1 1.82656E-1 1.87076E-1 1.96641E-1 2.13318E-1 2.35854E-1 2.58536E-1 2.82912E-1 4.0612E-1 2.14975E-1 2.59134E-2 1.96819E-1 1.87332E-1
