현재 지정 모델/accident_24.asc
ncols         20
nrows         20
xllcorner     202043.92331028884
yllcorner     551161.691323056
cellsize      243.329816402587
NODATA_value  -9999
1.58662E-1 1.69598E-1 1.908E-1 2.50272E-1 2.5748E-1 2.68664E-1 2.93583E-1 3.40404E-1 3.62736E-1 3.75737E-1 3.84197E-1 3.84238E-1 3.75926E-1 3.63129E-1 4.01169E-1 3.39818E-1 2.68992E-1 1.75698E-1 2.07037E-1 1.56628E-1
2.36817E-1 2.54412E-1 2.56735E-1 2.60547E-1 2.68366E-1 2.8676E-1 3.29119E-1 3.63412E-1 3.86066E-1 4.10941E-1 4.24969E-1 4.2724E-1 4.1671E-1 3.95008E-1 7.75271E-1 5.85512E-1 2.20959E-1 1.32688E-1 2.55388E-1 1.89852E-1
2.60668E-1 2.66996E-1 2.7543E-1 2.86504E-1 3.02061E-1 3.29345E-1 3.58432E-1 3.78732E-1 4.1035E-1 4.39575E-1 4.63416E-1 4.70579E-1 4.57319E-1 4.30351E-1 5.60015E-1 5.06226E-1 1.63348E-1 4.49652E-2 2.4704E-1 2.54226E-1
2.81853E-1 3.02898E-1 3.32215E-1 3.55104E-1 3.62755E-1 3.70241E-1 3.80433E-1 3.99202E-1 4.26625E-1 4.60219E-1 4.91387E-1 5.04866E-1 5.30906E-1 5.04379E-1 7.91854E-1 3.8779E-1 3.5986E-1 2.87326E-1 2.77626E-1 2.60679E-1
3.27346E-1 3.58439E-1 3.73794E-1 3.92476E-1 4.10883E-1 4.21327E-1 4.26825E-1 4.32384E-1 4.4624E-1 4.71771E-1 5.01159E-1 5.18256E-1 5.11048E-1 6.15318E-1 7.56797E-1 5.78539E-1 1.00569E-1 3.55053E-1 3.05534E-1 2.73822E-1
3.61199E-1 3.83829E-1 4.15206E-1 4.47769E-1 4.81468E-1 4.79969E-1 4.13197E-1 4.96215E-1 4.84111E-1 5.91309E-1 6.43199E-1 5.12225E-1 7.39161E-1 7.76129E-1 8.17209E-1 8.99512E-1 1.06196E-1 3.68469E-1 3.4949E-1 2.95542E-1
3.75295E-1 4.11798E-1 4.55601E-1 5.15382E-1 4.5842E-1 6.24015E-1 6.21756E-1 5.36901E-1 4.31555E-1 5.39822E-1 3.43364E-1 5.34839E-1 8.3633E-1 4.79303E-1 4.5592E-1 8.00755E-1 1.40705E-2 3.02517E-1 3.60718E-1 3.21971E-1
3.82713E-1 4.25781E-1 4.85639E-1 5.71551E-1 6.13984E-1 7.96577E-1 7.58087E-1 7.74233E-1 7.3513E-1 5.50035E-1 5.00048E-1 8.51402E-1 7.25678E-1 7.45734E-1 7.64781E-1 4.74259E-1 7.35659E-2 1.87115E-1 3.66093E-1 3.40999E-1
3.78934E-1 4.23387E-1 4.87181E-1 6.56498E-1 8.00512E-1 8.25709E-1 9.55562E-1 8.75361E-1 6.18191E-1 8.7624E-1 6.23957E-1 1.83911E-1 5.40043E-1 5.35398E-1 5.40125E-1 4.78322E-1 6.67408E-1 2.59036E-1 3.64419E-1 3.40261E-1
3.6639E-1 4.05099E-1 4.59225E-1 6.51759E-1 5.90322E-1 9.46877E-1 8.47603E-1 9.30286E-1 7.24955E-1 8.71188E-1 7.24763E-1 5.47317E-1 5.22658E-1 5.09762E-1 4.00373E-1 4.44452E-1 5.97086E-1 4.00182E-2 2.51679E-1 3.20704E-1
3.5058E-1 3.7635E-1 7.04802E-1 7.72123E-1 4.41811E-1 9.65541E-1 6.28911E-1 9.98386E-1 8.87822E-1 7.78158E-1 5.29358E-1 5.85747E-1 4.10727E-1 3.95204E-1 3.83978E-1 3.74552E-1 5.84838E-1 3.94076E-1 2.48479E-1 2.96473E-1
3.80569E-1 4.03614E-1 5.58827E-1 5.81219E-1 2.9753E-1 8.5874E-1 7.21582E-1 9.57369E-1 8.95497E-1 3.67342E-1 5.3601E-1 5.81665E-1 5.6974E-1 4.93582E-1 4.8003E-1 4.66915E-1 4.52428E-1 6.04802E-1 5.55655E-1 2.82541E-1
3.90428E-1 4.27602E-1 5.67168E-1 5.25104E-1 4.6494E-1 8.0602E-1 7.72622E-1 2.63274E-1 3.34318E-1 6.19576E-1 4.25961E-1 5.84408E-1 8.46309E-1 7.67175E-1 4.51653E-1 5.39102E-1 8.59496E-1 5.56035E-1 3.12918E-1 2.27047E-1
9.57254E-1 3.36292E-1 4.43089E-1 4.18007E-1 9.22485E-2 6.65632E-1 4.20741E-1 6.93925E-1 8.32527E-1 7.25939E-1 4.25699E-1 8.09766E-1 8.79918E-1 5.19312E-1 4.10731E-1 6.54268E-1 3.30659E-1 7.45248E-1 3.84237E-1 3.29751E-1
1.83925E-1 2.82166E-1 4.71433E-1 3.94764E-1 2.40656E-1 3.93524E-1 2.35743E-1 4.87929E-1 3.9411E-1 3.73434E-1 7.40072E-1 7.49529E-1 7.81544E-1 4.22972E-1 3.15001E-1 7.0853E-1 9.98876E-1 7.88866E-1 4.33662E-1 1.73217E-1
1.46755E-1 1.58164E-1 1.97173E-1 5.40538E-1 2.56421E-1 2.61216E-1 2.68466E-1 2.80943E-1 3.04903E-1 2.59482E-1 3.87941E-1 3.49453E-1 9.8673E-1 4.75272E-1 5.13936E-1 6.8012E-1 5.49673E-1 9.32317E-1 6.81918E-1 1.41636E-1
1.41541E-1 1.43397E-1 1.47919E-1 1.57749E-1 1.77793E-1 2.21291E-1 2.55085E-1 2.61561E-1 2.76842E-1 2.4294E-1 8.338E-1 3.63054E-1 6.90487E-1 5.72284E-1 5.01607E-1 6.41061E-1 5.4441E-1 5.23217E-1 3.35709E-1 2.00383E-1
1.40695E-1 1.4095E-1 1.41606E-1 1.43143E-1 1.46808E-1 1.57145E-1 1.93415E-1 2.55278E-1 2.65577E-1 2.90192E-1 4.35061E-1 7.27816E-1 5.81345E-1 4.8199E-1 7.29766E-1 5.32109E-1 6.1778E-1 5.85616E-1 1.71673E-1 2.82386E-1
1.40584E-1 1.40613E-1 1.40696E-1 1.40946E-1 1.41846E-1 1.45678E-1 1.62539E-1 2.39075E-1 2.59809E-1 2.77738E-1 3.16282E-1 3.57861E-1 3.32975E-1 4.7203E-1 4.86855E-1 8.78919E-1 4.63675E-1 2.4112E-1 7.95091E-2 2.74578E-1
1.40572E-1 1.40575E-1 1.40586E-1 1.4064E-1 1.40953E-1 1.42688E-1 1.51234E-1 1.8977E-1 2.55724E-1 2.672E-1 2.92577E-1 3.38385E-1 3.61143E-1 4.23549E-1 5.25172E-1 6.53394E-1 4.21097E-1 4.75598E-2 2.93058E-1 2.67868E-1
