현재 지정 모델/accident_avg.asc
ncols         20
nrows         20
xllcorner     202043.92331028884
yllcorner     551161.691323056
cellsize      243.329816402587
NODATA_value  -9999
1.3845E-1 1.46617E-1 1.52635E-1 1.6617E-1 1.71835E-1 1.86205E-1 1.99226E-1 2.18403E-1 2.38457E-1 2.52635E-1 2.61345E-1 2.61387E-1 2.52827E-1 2.38979E-1 2.72556E-1 2.33041E-1 1.86428E-1 1.07384E-1 1.56307E-1 1.36954E-1
1.63085E-1 1.68244E-1 1.70935E-1 1.75759E-1 1.85942E-1 1.95407E-1 2.13637E-1 2.39309E-1 2.63299E-1 2.90772E-1 3.10465E-1 3.13637E-1 2.99106E-1 2.72799E-1 5.19311E-1 2.99924E-1 1.38603E-1 9.8357E-2 1.69356E-1 1.52421E-1
1.75923E-1 1.84748E-1 1.89529E-1 1.95268E-1 2.02894E-1 2.13731E-1 2.32765E-1 2.55693E-1 2.89903E-1 3.29666E-1 3.55399E-1 3.62569E-1 3.49337E-1 3.18017E-1 4.39994E-1 2.68707E-1 1.03853E-1 4.89913E-2 1.53403E-1 1.68029E-1
1.92792E-1 2.03213E-1 2.14927E-1 2.27836E-1 2.38484E-1 2.47098E-1 2.57442E-1 2.77339E-1 3.12777E-1 3.52215E-1 3.83694E-1 3.97604E-1 3.96015E-1 6.03086E-1 7.25003E-1 2.65111E-1 1.21244E-1 1.74244E-1 1.90625E-1 1.75937E-1
2.12904E-1 2.32774E-1 2.50666E-1 2.70084E-1 2.90686E-1 3.05421E-1 3.13057E-1 3.20897E-1 3.37083E-1 3.63767E-1 3.93761E-1 4.62896E-1 3.87178E-1 6.83431E-1 6.27664E-1 2.87661E-1 8.28747E-2 2.2775E-1 2.04222E-1 1.88739E-1
2.36385E-1 2.60961E-1 2.97065E-1 3.38796E-1 3.73569E-1 3.4977E-1 3.00527E-1 3.88656E-1 3.76258E-1 3.10303E-1 6.31873E-1 4.05271E-1 4.09513E-1 6.38758E-1 4.58866E-1 8.544E-1 1.49846E-1 2.45205E-1 2.21514E-1 2.00363E-1
2.52186E-1 2.92035E-1 3.47614E-1 4.08575E-1 4.04669E-1 6.11152E-1 5.73812E-1 4.65954E-1 3.60086E-1 5.05867E-1 5.62168E-1 5.00383E-1 7.25246E-1 3.71373E-1 3.47952E-1 7.28031E-1 5.54141E-2 1.87842E-1 2.35749E-1 2.10708E-1
2.59801E-1 3.11597E-1 3.77815E-1 4.68732E-1 5.49716E-1 6.10946E-1 6.78047E-1 6.81452E-1 5.14188E-1 4.45403E-1 3.92612E-1 7.75318E-1 6.91059E-1 8.32401E-1 7.07777E-1 3.99473E-1 1.3079E-1 1.23333E-1 2.42435E-1 2.1866E-1
2.559E-1 3.08267E-1 3.79388E-1 5.62743E-1 5.92912E-1 6.46114E-1 8.10089E-1 7.62622E-1 4.94767E-1 7.90802E-1 5.0543E-1 1.39281E-1 4.35289E-1 2.64082E-1 5.17942E-1 3.56424E-1 3.27439E-1 1.09004E-1 2.40487E-1 2.18342E-1
2.42779E-1 2.83815E-1 3.51227E-1 3.49518E-1 5.55262E-1 7.10712E-1 8.15997E-1 8.03278E-1 6.78518E-1 8.52215E-1 6.28991E-1 2.77319E-1 2.50621E-1 2.3714E-1 2.78618E-1 3.07511E-1 4.45499E-1 4.74902E-2 1.67852E-1 2.10195E-1
2.21879E-1 2.53259E-1 6.70069E-1 5.03614E-1 6.24866E-1 9.74887E-1 8.0683E-1 9.78055E-1 8.39979E-1 7.50628E-1 3.55773E-1 7.85044E-1 2.90457E-1 2.7301E-1 2.61116E-1 2.51433E-1 2.52935E-1 4.3511E-1 1.71279E-1 2.00787E-1
2.69359E-1 2.5947E-1 3.33817E-1 3.40611E-1 4.28538E-1 9.04214E-1 5.84296E-1 9.57873E-1 6.1248E-1 3.10462E-1 3.06903E-1 2.98115E-1 2.70618E-1 2.23712E-1 2.13255E-1 2.03568E-1 2.44002E-1 2.65438E-1 2.70392E-1 2.72707E-1
4.94268E-1 3.05959E-1 4.58982E-1 3.70585E-1 4.26273E-1 7.29322E-1 8.49025E-1 3.33833E-1 2.75464E-1 4.96301E-1 5.1785E-1 3.4457E-1 7.62178E-1 7.64466E-1 3.15237E-1 2.41758E-1 6.87168E-1 3.13049E-1 2.07094E-1 1.92381E-1
6.31261E-1 1.45409E-1 3.36007E-1 3.59554E-1 6.62898E-2 7.72005E-1 5.37169E-1 3.80177E-1 5.93862E-1 6.23935E-1 3.82453E-1 4.30023E-1 6.8316E-1 4.39168E-1 2.90463E-1 6.5082E-1 2.47241E-1 7.03652E-1 4.90544E-1 2.29871E-1
4.20462E-1 1.94195E-1 4.62113E-1 2.71202E-1 1.14402E-1 5.6208E-1 1.65944E-1 2.06498E-1 2.97912E-1 3.21482E-1 4.17318E-1 4.57601E-1 8.26884E-1 4.89731E-1 2.50484E-1 4.38412E-1 9.05791E-1 5.00998E-1 3.34542E-1 8.36891E-2
1.29795E-1 1.38083E-1 3.76968E-1 3.39785E-1 1.70561E-1 1.76664E-1 1.8603E-1 1.9451E-1 1.96538E-1 3.43176E-1 3.36435E-1 4.98289E-1 7.69549E-1 3.51844E-1 4.04563E-1 3.25208E-1 3.07171E-1 8.41049E-1 4.51812E-1 1.13917E-1
1.26088E-1 1.27401E-1 1.3063E-1 1.37778E-1 1.49704E-1 1.59543E-1 1.6901E-1 1.77138E-1 1.90232E-1 1.505E-1 6.59631E-1 4.32007E-1 6.08999E-1 2.79647E-1 3.79843E-1 4.15805E-1 4.42211E-1 3.49053E-1 1.37134E-1 1.27731E-1
1.25491E-1 1.25671E-1 1.26133E-1 1.27221E-1 1.29833E-1 1.37334E-1 1.53226E-1 1.6923E-1 1.83018E-1 1.97301E-1 2.93386E-1 8.62144E-1 7.64749E-1 7.22505E-1 6.10567E-1 5.90997E-1 5.78248E-1 3.46692E-1 1.89751E-1 1.93071E-1
1.25412E-1 1.25433E-1 1.25492E-1 1.25668E-1 1.26303E-1 1.29024E-1 1.41323E-1 1.63602E-1 1.74782E-1 1.90682E-1 2.08424E-1 2.32029E-1 5.06829E-1 3.6728E-1 2.18463E-1 7.62838E-1 2.01238E-1 1.5574E-1 6.54031E-2 1.89109E-1
1.25404E-1 1.25406E-1 1.25414E-1 1.25453E-1 1.25673E-1 1.26899E-1 1.3302E-1 1.52403E-1 1.69744E-1 1.84923E-1 1.98649E-1 2.17538E-1 2.36311E-1 2.74264E-1 4.18534E-1 5.99016E-1 2.93741E-1 4.70688E-2 1.98925E-1 1.85504E-1
