현재 지정 모델/accident_2.asc
ncols         20
nrows         20
xllcorner     202043.92331028884
yllcorner     551161.691323056
cellsize      243.329816402587
NODATA_value  -9999
1.35504E-1 1.35657E-1 1.35931E-1 1.36581E-1 1.38328E-1 1.42775E-1 1.52605E-1 1.70886E-1 1.98613E-1 2.30416E-1 2.52887E-1 2.52999E-1 2.30902E-1 1.99528E-1 1.76948E-1 2.48963E-1 1.42905E-1 7.16123E-2 1.36124E-1 1.35474E-1
1.36446E-1 1.37104E-1 1.38031E-1 1.3955E-1 1.42657E-1 1.49923E-1 1.66495E-1 2.00186E-1 2.58042E-1 3.34424E-1 3.60173E-1 3.61803E-1 3.54247E-1 2.83649E-1 5.67352E-1 1.87849E-1 1.19168E-1 4.26269E-2 1.37494E-1 1.3592E-1
1.39598E-1 1.42113E-1 1.45454E-1 1.49822E-1 1.5593E-1 1.66583E-1 1.89252E-1 2.38211E-1 3.31889E-1 3.70654E-1 3.87773E-1 3.92921E-1 3.83392E-1 3.64036E-1 6.80147E-1 2.21782E-1 1.79636E-2 5.47419E-3 1.26112E-1 1.37029E-1
1.47989E-1 1.56258E-1 1.677E-1 1.82258E-1 1.98658E-1 2.16572E-1 2.42717E-1 2.96196E-1 3.61362E-1 3.85475E-1 4.07904E-1 4.17636E-1 4.36158E-1 6.95565E-1 9.29479E-1 2.62857E-1 4.77327E-2 1.73797E-1 1.46321E-1 1.39603E-1
1.65804E-1 1.89267E-1 2.25453E-1 2.76239E-1 3.34173E-1 3.5756E-1 3.61505E-1 3.65494E-1 3.75437E-1 3.93778E-1 4.14957E-1 6.48425E-1 3.68831E-1 5.31958E-1 4.58873E-1 2.76375E-1 2.32928E-2 1.82152E-1 1.57289E-1 1.44818E-1
1.95211E-1 2.51879E-1 3.53048E-1 3.76535E-1 4.00756E-1 3.82072E-1 2.90551E-1 4.11387E-1 4.0266E-1 3.37147E-1 6.55883E-1 4.2296E-1 1.88699E-1 7.51132E-1 5.13504E-1 9.99689E-1 1.23263E-1 2.12232E-1 1.74419E-1 1.53374E-1
2.29281E-1 3.38115E-1 3.82159E-1 4.25246E-1 3.05484E-1 4.78317E-1 4.9892E-1 4.81159E-1 2.49082E-1 4.78473E-1 3.69998E-1 8.4027E-1 9.79695E-1 3.99198E-1 3.82387E-1 8.27439E-1 6.37255E-4 1.61707E-1 1.94164E-1 1.63709E-1
2.48843E-1 3.60756E-1 4.03761E-1 4.66271E-1 3.17965E-1 2.75548E-1 6.12636E-1 7.71852E-1 7.02329E-1 4.5047E-1 4.14154E-1 8.82894E-1 5.72404E-1 9.13968E-1 7.96702E-1 4.08022E-1 5.8801E-2 7.24131E-2 2.06512E-1 1.71118E-1
2.38742E-1 3.59038E-1 4.04872E-1 4.85808E-1 4.51549E-1 4.65359E-1 7.41567E-1 7.19666E-1 3.71038E-1 4.47843E-1 7.35753E-1 4.72263E-2 7.73582E-1 3.04689E-1 6.34584E-1 3.52926E-1 3.64658E-1 9.30917E-2 2.02547E-1 1.70831E-1
2.0722E-1 3.14413E-1 3.84761E-1 3.25357E-1 4.32728E-1 7.14362E-1 7.97257E-1 6.44519E-1 5.99505E-1 9.73685E-1 5.50856E-1 3.11478E-1 2.97501E-1 2.76266E-1 2.99763E-1 4.19337E-1 5.16068E-1 4.79168E-3 9.88749E-2 1.63215E-1
1.74843E-1 2.31997E-1 9.30652E-1 7.52483E-1 6.01925E-1 9.83628E-1 8.81565E-1 9.27186E-1 7.50937E-1 8.66297E-1 3.97722E-1 8.8034E-1 3.33503E-1 2.84228E-1 2.52288E-1 2.27381E-1 1.96444E-1 3.94078E-1 8.40764E-2 1.5374E-1
1.60324E-1 2.86442E-1 4.02627E-1 3.76603E-1 4.05387E-1 9.98756E-1 4.6598E-1 9.96737E-1 5.07701E-1 2.50691E-1 3.01554E-1 4.99663E-1 4.21813E-1 2.368E-1 2.07775E-1 1.8234E-1 9.57137E-2 1.52357E-1 2.45274E-1 1.69803E-1
3.61895E-1 2.56888E-1 2.32405E-1 2.26329E-1 2.66831E-1 6.82884E-1 9.71436E-1 1.3416E-1 2.31007E-1 6.86679E-1 6.5429E-1 3.78665E-1 6.88142E-1 8.104E-1 4.45832E-1 3.28206E-1 5.99163E-1 1.52255E-1 1.60176E-1 1.53591E-1
3.72179E-1 1.13321E-1 3.96041E-1 2.15296E-1 1.70834E-2 7.30029E-1 5.11342E-1 1.38783E-1 6.72165E-1 4.49989E-1 3.98887E-1 4.99003E-1 7.04316E-1 5.38574E-1 3.33521E-1 7.67006E-1 2.39141E-1 5.48974E-1 7.57953E-1 2.43528E-1
7.85198E-1 2.23237E-1 3.57724E-1 2.06867E-1 5.17504E-2 4.1643E-1 8.07885E-2 2.2719E-1 5.97029E-2 3.57973E-1 3.32847E-1 4.44958E-1 8.51949E-1 5.21961E-1 2.18543E-1 4.60444E-1 9.67749E-1 2.30858E-1 1.69294E-1 4.52412E-2
1.35326E-1 1.35497E-1 5.60118E-1 2.23425E-1 1.37906E-1 1.39816E-1 1.42696E-1 1.47631E-1 1.33562E-1 9.20905E-2 2.75283E-1 6.02746E-1 6.92863E-1 3.40558E-1 3.92374E-1 3.66682E-1 2.83714E-1 6.9109E-1 4.37976E-1 6.35041E-2
1.35244E-1 1.35273E-1 1.35344E-1 1.35491E-1 1.35767E-1 1.36283E-1 1.37373E-1 1.39953E-1 1.46012E-1 1.03291E-1 8.37386E-1 3.8661E-1 5.78095E-1 2.61589E-1 3.35517E-1 4.29641E-1 5.6809E-1 2.94362E-1 1.09856E-1 7.88703E-2
1.3523E-1 1.35234E-1 1.35245E-1 1.35269E-1 1.35327E-1 1.35482E-1 1.35963E-1 1.3745E-1 1.4155E-1 1.51273E-1 1.78957E-1 8.44581E-1 6.95894E-1 9.42658E-1 7.62294E-1 6.45002E-1 4.87656E-1 2.77762E-1 2.02336E-1 1.482E-1
1.35228E-1 1.35229E-1 1.3523E-1 1.35234E-1 1.35249E-1 1.35309E-1 1.35559E-1 1.36469E-1 1.39256E-1 1.46366E-1 1.6149E-1 1.88038E-1 4.23919E-1 6.59796E-1 2.22037E-1 9.28783E-1 1.76444E-1 1.36825E-1 1.53527E-2 1.45117E-1
1.35228E-1 1.35228E-1 1.35228E-1 1.35229E-1 1.35234E-1 1.35262E-1 1.35394E-1 1.35919E-1 1.37628E-1 1.42194E-1 1.5221E-1 1.70101E-1 1.95088E-1 3.00589E-1 2.73922E-1 3.90468E-1 2.00261E-1 5.89719E-3 1.52399E-1 1.42459E-1
