현재 지정 모델/accident_stddev.asc
ncols         20
nrows         20
xllcorner     202043.92331028884
yllcorner     551161.691323056
cellsize      243.329816402587
NODATA_value  -9999
4.81142E-2 5.6126E-2 5.72723E-2 6.0858E-2 5.85575E-2 5.83151E-2 5.49855E-2 5.27119E-2 5.18428E-2 5.33033E-2 5.47408E-2 5.47494E-2 5.33284E-2 5.18542E-2 6.63719E-2 7.30875E-2 5.82804E-2 4.82355E-2 5.73529E-2 4.67412E-2
5.92479E-2 6.03814E-2 5.89588E-2 5.7338E-2 5.83111E-2 5.50534E-2 5.22824E-2 5.18749E-2 5.51496E-2 6.42723E-2 7.38378E-2 7.56083E-2 6.80823E-2 5.75982E-2 1.77302E-1 1.50181E-1 5.54082E-2 5.56238E-2 5.97543E-2 5.72874E-2
5.73083E-2 5.83663E-2 5.68115E-2 5.5074E-2 5.43985E-2 5.2281E-2 5.21465E-2 5.37377E-2 6.38981E-2 8.39275E-2 9.22689E-2 9.34649E-2 9.13E-2 7.8159E-2 1.39284E-1 1.04694E-1 7.68408E-2 4.37386E-2 5.50233E-2 6.05124E-2
5.56275E-2 5.42934E-2 5.22963E-2 5.24712E-2 5.18428E-2 5.27017E-2 5.40201E-2 5.90389E-2 7.51217E-2 9.17553E-2 9.73103E-2 1.00107E-1 1.64138E-1 1.27456E-1 1.15293E-1 5.55575E-2 8.90748E-2 6.02488E-2 5.63647E-2 5.73057E-2
5.23057E-2 5.21455E-2 5.30626E-2 5.682E-2 6.4235E-2 7.11652E-2 7.52795E-2 7.99002E-2 8.66891E-2 9.36701E-2 9.93133E-2 1.44383E-1 1.08902E-1 1.93255E-1 1.68018E-1 1.0683E-1 5.85467E-2 5.24751E-2 5.39731E-2 5.71596E-2
5.18811E-2 5.46643E-2 6.71501E-2 8.73588E-2 9.54069E-2 1.06704E-1 1.03671E-1 9.82838E-2 9.59015E-2 1.22591E-1 1.70404E-1 1.01737E-1 1.51759E-1 1.13364E-1 1.37615E-1 1.43638E-1 1.07884E-1 5.249E-2 5.29101E-2 5.51678E-2
5.32457E-2 6.48263E-2 9.09824E-2 1.02458E-1 1.54346E-1 1.44362E-1 1.86501E-1 1.59263E-1 1.4616E-1 1.38282E-1 2.70863E-1 2.19012E-1 1.99881E-1 9.50087E-2 9.10838E-2 1.47695E-1 1.08702E-1 5.87728E-2 5.19099E-2 5.25012E-2
5.44405E-2 7.4462E-2 9.61915E-2 1.17414E-1 1.81299E-1 2.64508E-1 1.66496E-1 1.44517E-1 2.08217E-1 1.11236E-1 9.90791E-2 1.27786E-1 1.4015E-1 1.14479E-1 1.10578E-1 1.16371E-1 9.07637E-2 6.10058E-2 5.21416E-2 5.27658E-2
5.37698E-2 7.26515E-2 9.64873E-2 9.57028E-2 1.54599E-1 2.02664E-1 1.71467E-1 2.0603E-1 1.65438E-1 2.33564E-1 1.37446E-1 1.20434E-1 1.80732E-1 1.06341E-1 1.32539E-1 5.46421E-2 1.34202E-1 6.56234E-2 5.19587E-2 5.26995E-2
5.21797E-2 6.13904E-2 9.1598E-2 1.52274E-1 1.87943E-1 1.37521E-1 1.74435E-1 1.07509E-1 1.78132E-1 9.10502E-2 1.11673E-1 1.16565E-1 9.9825E-2 9.40745E-2 5.94757E-2 7.64787E-2 1.9321E-1 5.18903E-2 7.64853E-2 5.25721E-2
5.29354E-2 5.33858E-2 1.4502E-1 1.49354E-1 2.04101E-1 7.1812E-2 1.46505E-1 3.00515E-2 1.20485E-1 1.15612E-1 9.49884E-2 1.33544E-1 6.41358E-2 5.76613E-2 5.46952E-2 5.31528E-2 1.08017E-1 9.14145E-2 7.9057E-2 5.51335E-2
7.7513E-2 6.99381E-2 1.43003E-1 1.35691E-1 2.10815E-1 8.37052E-2 1.2275E-1 8.48887E-2 2.0029E-1 1.29548E-1 1.37081E-1 1.1841E-1 1.11627E-1 8.88527E-2 8.52644E-2 8.23001E-2 1.2588E-1 1.13397E-1 1.29832E-1 1.34652E-1
1.63193E-1 9.86357E-2 1.66719E-1 1.54932E-1 2.00123E-1 1.2673E-1 1.2919E-1 2.07446E-1 1.17121E-1 1.12061E-1 1.20112E-1 1.37265E-1 1.43524E-1 1.55521E-1 7.86738E-2 9.18596E-2 2.12967E-1 1.56661E-1 5.31803E-2 1.05278E-1
3.28133E-1 6.97952E-2 1.21668E-1 1.11275E-1 4.99379E-2 1.48951E-1 1.25831E-1 2.07893E-1 1.77154E-1 1.49688E-1 1.04616E-1 1.52417E-1 2.33044E-1 1.59803E-1 6.41384E-2 2.14555E-1 1.12928E-1 1.74371E-1 1.65509E-1 8.19175E-2
2.40405E-1 8.04385E-2 2.16112E-1 1.01768E-1 1.19784E-1 2.84767E-1 7.80528E-2 9.24643E-2 1.85493E-1 1.28674E-1 1.69241E-1 1.52582E-1 1.49519E-1 2.02744E-1 1.08866E-1 1.81796E-1 8.43785E-2 1.79349E-1 1.76763E-1 6.01368E-2
4.06935E-2 4.77744E-2 2.05779E-1 1.84851E-1 5.91369E-2 5.71964E-2 5.83118E-2 6.26166E-2 6.47987E-2 2.1612E-1 1.00734E-1 1.5884E-1 1.45179E-1 5.41819E-2 1.1259E-1 1.15241E-1 1.24485E-1 1.16147E-1 1.43305E-1 6.93218E-2
3.79693E-2 3.88985E-2 4.1349E-2 4.74931E-2 5.76602E-2 5.79724E-2 5.99429E-2 5.71453E-2 5.652E-2 5.9656E-2 1.67131E-1 1.76295E-1 1.35604E-1 9.83954E-2 1.37276E-1 1.87946E-1 1.43343E-1 9.36316E-2 8.13308E-2 5.44257E-2
3.75612E-2 3.76835E-2 3.8001E-2 3.87683E-2 4.07231E-2 4.70865E-2 5.72418E-2 5.98225E-2 5.79536E-2 5.48947E-2 7.64436E-2 1.64497E-1 9.989E-2 1.7298E-1 1.30356E-1 1.47135E-1 1.53505E-1 1.3695E-1 8.03356E-2 5.55486E-2
3.75083E-2 3.75221E-2 3.75619E-2 3.76814E-2 3.81189E-2 4.01019E-2 5.08386E-2 5.94856E-2 5.75532E-2 5.63429E-2 5.28839E-2 5.22288E-2 2.05448E-1 1.47199E-1 8.69987E-2 1.39676E-1 8.16344E-2 7.10006E-2 4.66551E-2 5.69939E-2
3.75028E-2 3.75041E-2 3.75094E-2 3.75354E-2 3.76846E-2 3.8538E-2 4.33026E-2 5.72888E-2 5.95488E-2 5.83508E-2 5.49302E-2 5.25543E-2 5.1884E-2 8.88544E-2 1.02057E-1 1.55242E-1 7.01527E-2 4.52154E-2 5.49536E-2 5.83175E-2
