현재 지정 모델/accident_21.asc
ncols         20
nrows         20
xllcorner     202043.92331028884
yllcorner     551161.691323056
cellsize      243.329816402587
NODATA_value  -9999
1.32202E-1 1.3593E-1 1.42825E-1 1.60405E-1 1.63024E-1 1.67702E-1 1.77985E-1 1.96913E-1 2.25188E-1 2.5707E-1 2.79289E-1 2.794E-1 2.57553E-1 2.26113E-1 2.28739E-1 1.15122E-1 1.67838E-1 1.62733E-1 1.47853E-1 1.31494E-1
1.56612E-1 1.61733E-1 1.62711E-1 1.64311E-1 1.67578E-1 1.75187E-1 1.92388E-1 2.26778E-1 2.84354E-1 3.58189E-1 4.18134E-1 4.28279E-1 3.82249E-1 3.09349E-1 2.15134E-1 1.76678E-1 1.14586E-1 1.66738E-1 1.62144E-1 1.42526E-1
1.64362E-1 1.67007E-1 1.70512E-1 1.75082E-1 1.81446E-1 1.92479E-1 2.15696E-1 2.64805E-1 3.55771E-1 4.852E-1 5.6912E-1 5.74508E-1 5.64509E-1 4.4236E-1 1.83731E-1 2.65964E-1 2.46706E-1 1.75603E-1 1.65219E-1 1.61654E-1
1.73166E-1 1.81787E-1 1.93631E-1 2.08569E-1 2.25234E-1 2.43258E-1 2.69262E-1 3.21502E-1 4.25524E-1 5.66705E-1 5.89994E-1 5.999E-1 4.78479E-1 8.29268E-1 7.1099E-1 2.89075E-1 1.28485E-1 1.20814E-1 1.71421E-1 1.64366E-1
1.91675E-1 2.15711E-1 2.5213E-1 3.02144E-1 3.57949E-1 4.02109E-1 4.2642E-1 4.51664E-1 5.1701E-1 5.75402E-1 5.97185E-1 6.70646E-1 6.07711E-1 7.73449E-1 8.56907E-1 2.02664E-1 2.57621E-1 2.0846E-1 1.82858E-1 1.69845E-1
2.21744E-1 2.78298E-1 3.75893E-1 5.24394E-1 5.82642E-1 5.99691E-1 6.02319E-1 5.93553E-1 5.84606E-1 3.23104E-1 8.75707E-1 6.0527E-1 5.71452E-1 6.52969E-1 3.02422E-1 9.40166E-1 3.82441E-1 2.38907E-1 2.00543E-1 1.78786E-1
2.55941E-1 3.61706E-1 5.62546E-1 6.07566E-1 6.53954E-1 7.32887E-1 6.73673E-1 4.96233E-1 6.36258E-1 5.96268E-1 8.8834E-1 5.35869E-1 9.51237E-1 5.8103E-1 5.63448E-1 5.40317E-1 4.45157E-1 2.70694E-1 2.20683E-1 1.89511E-1
2.75308E-1 4.21749E-1 5.8574E-1 6.47677E-1 7.74562E-1 9.16116E-1 7.64579E-1 5.76277E-1 6.43308E-1 6.32465E-1 5.9637E-1 4.94975E-1 9.73933E-1 9.38617E-1 7.72173E-1 5.75999E-1 3.58173E-1 2.85814E-1 2.33158E-1 1.97151E-1
2.6533E-1 4.11137E-1 5.86883E-1 7.15253E-1 7.54068E-1 5.65199E-1 8.80939E-1 4.3784E-1 5.54321E-1 9.95397E-1 5.24528E-1 2.32909E-1 2.71082E-1 2.37922E-1 6.76345E-1 4.16681E-1 3.01242E-1 1.37185E-1 2.29162E-1 1.96856E-1
2.3387E-1 3.39046E-1 5.65953E-1 3.56895E-1 8.21399E-1 5.83703E-1 9.713E-1 7.31444E-1 8.53854E-1 8.80253E-1 5.26919E-1 2.72676E-1 2.0647E-1 1.7811E-1 3.24946E-1 1.96573E-1 4.65804E-1 2.42036E-1 2.11941E-1 1.89E-1
2.00978E-1 2.58641E-1 4.69033E-1 4.63235E-1 7.88889E-1 9.19258E-1 8.64179E-1 9.90797E-1 9.85949E-1 7.81064E-1 4.14478E-1 7.40272E-1 3.57311E-1 3.09911E-1 2.787E-1 2.5405E-1 1.35866E-1 3.95368E-1 1.95423E-1 1.79167E-1
2.26592E-1 1.32379E-1 7.79401E-2 3.34825E-1 9.20335E-1 9.28648E-1 7.72369E-1 9.58225E-1 9.59254E-1 5.79444E-1 2.62181E-1 2.18976E-1 1.14198E-1 1.53526E-1 1.35531E-1 1.19781E-1 1.83416E-1 1.35624E-1 1.06368E-1 2.43381E-1
4.9769E-1 1.46002E-1 3.57496E-1 2.50643E-1 7.17386E-1 6.63453E-1 9.91198E-1 6.76073E-1 4.78257E-1 4.28641E-1 6.34356E-1 3.45584E-1 5.47248E-1 9.30718E-1 2.10118E-1 8.59573E-2 6.67946E-1 4.73009E-1 1.85854E-1 1.28398E-1
9.0064E-1 7.74924E-2 1.69955E-1 3.72837E-1 2.03118E-1 7.66046E-1 5.7242E-1 3.08188E-1 5.36907E-1 4.10739E-1 3.19059E-1 3.35988E-1 5.01651E-1 3.91816E-1 3.57328E-1 7.70871E-1 1.79049E-1 4.78427E-1 2.61413E-1 1.13598E-1
1.5831E-1 1.01733E-1 2.22671E-1 1.37389E-1 2.84725E-1 2.39058E-1 1.88906E-1 5.93241E-2 2.89769E-1 2.06562E-1 1.32833E-1 1.3645E-1 8.50229E-1 4.77726E-1 3.77107E-1 1.99955E-1 8.27704E-1 2.85441E-1 1.63749E-1 8.792E-2
1.27988E-1 1.32029E-1 1.3988E-1 1.71203E-1 1.62579E-1 1.64591E-1 1.67619E-1 1.74206E-1 1.84089E-1 2.87316E-1 2.23991E-1 3.94112E-1 5.83904E-1 4.04108E-1 6.31992E-1 1.38571E-1 2.57075E-1 9.42222E-1 1.6468E-1 1.86756E-1
1.26086E-1 1.26767E-1 1.28408E-1 1.31885E-1 1.38644E-1 1.52114E-1 1.62016E-1 1.64736E-1 1.71096E-1 1.86014E-1 5.00441E-1 4.00925E-1 5.16816E-1 1.90773E-1 3.21854E-1 3.25553E-1 3.32812E-1 1.92735E-1 5.87673E-2 1.78248E-1
1.25774E-1 1.25868E-1 1.2611E-1 1.26674E-1 1.28007E-1 1.31675E-1 1.43649E-1 1.62098E-1 1.66415E-1 1.76596E-1 2.49286E-1 6.06859E-1 7.06701E-1 9.38076E-1 3.38375E-1 5.2202E-1 3.0331E-1 1.57287E-1 1.94055E-1 1.73386E-1
1.25733E-1 1.25743E-1 1.25774E-1 1.25867E-1 1.26198E-1 1.27598E-1 1.33538E-1 1.57255E-1 1.64001E-1 1.71467E-1 1.87215E-1 2.14461E-1 5.04841E-1 2.24036E-1 1.44367E-1 6.99472E-1 1.1613E-1 1.56449E-1 1.83971E-1 1.70159E-1
1.25728E-1 1.25729E-1 1.25733E-1 1.25754E-1 1.25869E-1 1.26507E-1 1.29593E-1 1.42499E-1 1.62285E-1 1.67092E-1 1.77573E-1 1.96105E-1 2.2162E-1 1.62239E-1 4.41602E-1 6.9992E-1 2.56916E-1 1.95992E-1 1.7777E-1 1.6737E-1
