현재 지정 모델/accident_median.asc
ncols         20
nrows         20
xllcorner     202043.92331028884
yllcorner     551161.691323056
cellsize      243.329816402587
NODATA_value  -9999
1.32202E-1 1.35657E-1 1.46402E-1 1.69973E-1 1.7043E-1 1.73542E-1 1.97014E-1 2.17615E-1 2.4664E-1 2.66486E-1 2.82521E-1 2.8256E-1 2.66898E-1 2.4684E-1 2.54123E-1 2.48148E-1 1.73559E-1 1.04265E-1 1.56197E-1 1.31494E-1
1.60766E-1 1.7011E-1 1.70353E-1 1.73127E-1 1.73527E-1 1.94472E-1 2.14484E-1 2.46984E-1 2.84354E-1 3.08831E-1 3.23335E-1 3.24832E-1 3.15634E-1 2.94682E-1 5.67352E-1 2.78413E-1 1.30838E-1 9.71849E-2 1.70212E-1 1.45207E-1
1.73133E-1 1.73458E-1 1.73882E-1 1.94376E-1 1.99144E-1 2.14516E-1 2.44554E-1 2.73079E-1 3.08394E-1 3.33265E-1 3.55127E-1 3.61768E-1 3.49502E-1 3.26885E-1 4.37201E-1 2.62102E-1 9.22572E-2 4.08262E-2 1.42251E-1 1.70091E-1
1.88483E-1 1.99322E-1 2.14922E-1 2.38752E-1 2.4665E-1 2.54635E-1 2.76866E-1 2.97107E-1 3.24427E-1 3.52174E-1 3.85737E-1 4.07801E-1 4.11601E-1 6.05841E-1 7.35916E-1 2.87913E-1 1.11118E-1 1.63015E-1 1.74993E-1 1.73133E-1
2.14232E-1 2.44558E-1 2.62259E-1 2.93164E-1 3.08788E-1 3.20934E-1 3.24559E-1 3.28226E-1 3.3934E-1 3.62876E-1 4.0085E-1 4.56671E-1 3.97672E-1 7.07226E-1 6.30555E-1 2.81478E-1 8.1128E-2 2.38552E-1 1.99879E-1 1.73802E-1
2.4589E-1 2.82176E-1 3.13715E-1 3.40738E-1 3.76629E-1 3.70959E-1 3.10713E-1 3.91666E-1 3.81494E-1 3.15228E-1 6.43199E-1 4.21751E-1 3.98923E-1 6.50077E-1 4.48173E-1 9.20547E-1 1.28024E-1 2.50881E-1 2.24133E-1 1.97741E-1
2.6552E-1 3.09464E-1 3.47921E-1 4.25246E-1 4.53543E-1 6.57305E-1 6.3292E-1 5.06779E-1 4.06058E-1 5.1396E-1 5.94082E-1 4.63823E-1 7.97017E-1 3.72664E-1 3.48214E-1 7.53312E-1 7.47214E-3 1.90121E-1 2.45658E-1 2.07416E-1
2.8113E-1 3.2387E-1 3.82385E-1 4.8727E-1 6.00729E-1 6.35105E-1 7.22192E-1 7.02026E-1 4.68633E-1 4.5047E-1 3.98778E-1 7.81459E-1 7.27336E-1 8.66309E-1 7.46253E-1 4.08022E-1 1.46407E-1 1.23094E-1 2.48346E-1 2.18041E-1
2.73526E-1 3.22292E-1 3.83284E-1 5.54334E-1 5.67979E-1 6.91647E-1 8.32044E-1 8.24617E-1 5.17368E-1 9.00431E-1 5.24528E-1 1.04792E-1 4.15085E-1 2.41142E-1 5.33959E-1 3.44687E-1 3.17622E-1 9.30917E-2 2.47495E-1 2.17513E-1
2.48496E-1 3.05325E-1 3.51257E-1 3.25357E-1 5.90322E-1 7.15551E-1 8.55483E-1 7.79402E-1 7.41746E-1 8.73114E-1 6.63954E-1 2.52795E-1 2.32112E-1 2.19791E-1 2.99763E-1 3.30703E-1 4.63351E-1 2.3813E-2 1.64156E-1 2.06957E-1
2.24918E-1 2.67827E-1 6.96097E-1 5.16125E-1 6.60302E-1 9.98534E-1 8.42166E-1 9.91181E-1 8.77138E-1 7.74144E-1 3.60822E-1 8.33858E-1 3.08672E-1 2.94795E-1 2.82316E-1 2.63903E-1 2.33402E-1 4.26424E-1 1.95423E-1 1.97953E-1
2.53839E-1 2.81166E-1 3.54673E-1 3.42957E-1 4.05387E-1 9.25027E-1 5.6856E-1 9.92646E-1 6.15896E-1 3.29615E-1 3.12568E-1 2.87668E-1 2.53084E-1 2.11092E-1 2.03604E-1 1.96298E-1 2.56382E-1 2.50264E-1 2.51526E-1 2.47055E-1
5.24177E-1 3.11878E-1 4.8149E-1 3.92263E-1 4.18374E-1 7.5816E-1 8.89306E-1 3.39531E-1 2.9985E-1 5.20906E-1 5.02976E-1 3.56263E-1 8.01537E-1 8.07969E-1 3.34936E-1 2.31289E-1 7.53116E-1 3.11209E-1 2.04128E-1 1.87997E-1
7.16343E-1 1.32585E-1 3.512E-1 3.63155E-1 5.37563E-2 7.83534E-1 5.42168E-1 3.63507E-1 6.31626E-1 6.35034E-1 3.89132E-1 4.47458E-1 7.08533E-1 4.72318E-1 3.08675E-1 6.76685E-1 2.35606E-1 7.45248E-1 5.17217E-1 2.36548E-1
4.0578E-1 2.01298E-1 4.85581E-1 2.79607E-1 6.02933E-2 5.67456E-1 1.59083E-1 1.99447E-1 3.01994E-1 3.02127E-1 4.05472E-1 4.60417E-1 8.74709E-1 4.77726E-1 2.66165E-1 4.63396E-1 9.34542E-1 5.16293E-1 3.29264E-1 5.87147E-2
1.27988E-1 1.32029E-1 3.59488E-1 3.2367E-1 1.7032E-1 1.73161E-1 1.73532E-1 1.91024E-1 1.88082E-1 2.87316E-1 3.40986E-1 4.95827E-1 8.04771E-1 3.39426E-1 4.01291E-1 3.09546E-1 2.83714E-1 8.94788E-1 4.86883E-1 1.16261E-1
1.26086E-1 1.26767E-1 1.28408E-1 1.31885E-1 1.38644E-1 1.56465E-1 1.70181E-1 1.73179E-1 1.74321E-1 1.34893E-1 6.72598E-1 4.34845E-1 6.12864E-1 2.65041E-1 3.8349E-1 3.99377E-1 4.54896E-1 3.68881E-1 1.22165E-1 1.17714E-1
1.25774E-1 1.25868E-1 1.2611E-1 1.26674E-1 1.28007E-1 1.31675E-1 1.49716E-1 1.70201E-1 1.73385E-1 1.95753E-1 2.82812E-1 9.23171E-1 7.46882E-1 7.59886E-1 6.51264E-1 5.5415E-1 6.0128E-1 3.36342E-1 1.96246E-1 1.91169E-1
1.25733E-1 1.25743E-1 1.25774E-1 1.25867E-1 1.26198E-1 1.27598E-1 1.34578E-1 1.62412E-1 1.71189E-1 1.75089E-1 2.05353E-1 2.44278E-1 5.43918E-1 3.49794E-1 2.07359E-1 7.95825E-1 1.94743E-1 1.48379E-1 5.64599E-2 1.73839E-1
1.25728E-1 1.25729E-1 1.25733E-1 1.25754E-1 1.25869E-1 1.26507E-1 1.29593E-1 1.45104E-1 1.70247E-1 1.73468E-1 1.96641E-1 2.16173E-1 2.45863E-1 2.76733E-1 4.08055E-1 6.02653E-1 2.71034E-1 3.11831E-2 1.96819E-1 1.73502E-1
