현재 지정 모델/accident_13.asc
ncols         20
nrows         20
xllcorner     202043.92331028884
yllcorner     551161.691323056
cellsize      243.329816402587
NODATA_value  -9999
1.98415E-1 2.22536E-1 2.27944E-1 2.28323E-1 2.29338E-1 2.31884E-1 2.37344E-1 2.46952E-1 2.6041E-1 2.74561E-1 2.8391E-1 2.83955E-1 2.74768E-1 2.60835E-1 2.54123E-1 2.48148E-1 2.31958E-1 1.5393E-1 2.28057E-1 1.94035E-1
2.28245E-1 2.28628E-1 2.29166E-1 2.30042E-1 2.31817E-1 2.35877E-1 2.44703E-1 2.61139E-1 2.8599E-1 3.14638E-1 3.36232E-1 3.39786E-1 3.23443E-1 2.96015E-1 2.9171E-1 8.94785E-2 1.56148E-1 3.93883E-2 2.28854E-1 2.27937E-1
2.3007E-1 2.31509E-1 2.33395E-1 2.35821E-1 2.39142E-1 2.44749E-1 2.55998E-1 2.77858E-1 3.13741E-1 3.59364E-1 3.98444E-1 4.10484E-1 3.88301E-1 3.44681E-1 4.74137E-1 3.15122E-1 6.68398E-2 3.4265E-3 2.16054E-1 2.28584E-1
2.34809E-1 2.39318E-1 2.45324E-1 2.52618E-1 2.60431E-1 2.68547E-1 2.79737E-1 3.00757E-1 3.38823E-1 3.93113E-1 4.46163E-1 4.69779E-1 5.29137E-1 5.8392E-1 7.30608E-1 2.87913E-1 1.26787E-1 1.94897E-1 2.3388E-1 2.30073E-1
2.44347E-1 2.56006E-1 2.72429E-1 2.93164E-1 3.14549E-1 3.30566E-1 3.39136E-1 3.47895E-1 3.70128E-1 4.12499E-1 4.63247E-1 7.50215E-1 4.28634E-1 2.12271E-1 5.42543E-1 3.02379E-1 2.31805E-2 2.52566E-1 2.3987E-1 2.33038E-1
2.58821E-1 2.835E-1 3.21137E-1 3.72617E-1 4.29029E-1 4.44801E-1 3.8153E-1 4.54578E-1 4.33573E-1 4.35469E-1 9.14668E-1 4.82819E-1 3.25571E-1 4.43762E-1 4.05514E-1 5.25636E-1 9.50641E-2 2.66617E-1 2.48736E-1 2.37762E-1
2.74075E-1 3.15939E-1 3.85461E-1 4.88443E-1 1.99181E-1 7.09067E-1 3.29678E-1 2.27865E-1 1.50628E-1 5.36373E-1 1.07249E-1 8.72618E-1 4.36915E-1 4.25319E-1 3.85988E-1 4.51174E-1 5.8806E-3 2.17188E-1 2.58329E-1 2.43259E-1
2.82262E-1 3.37501E-1 4.36207E-1 5.90565E-1 2.61643E-1 9.44056E-1 8.82912E-1 8.33997E-1 8.57852E-1 5.511E-1 4.61295E-1 7.15619E-1 5.24721E-1 7.64579E-1 5.92689E-1 4.49245E-1 8.97922E-3 1.29994E-1 2.64039E-1 2.4707E-1
2.78081E-1 3.33766E-1 4.3887E-1 6.23395E-1 5.95293E-1 3.60397E-1 6.79266E-1 7.34016E-1 2.56141E-1 6.81652E-1 4.43018E-1 9.6892E-2 5.49675E-1 3.50179E-1 7.31503E-1 3.26116E-1 2.78266E-1 1.0032E-1 2.62228E-1 2.46924E-1
2.6436E-1 3.07471E-1 3.91461E-1 4.8293E-1 6.98637E-1 7.929E-1 9.94974E-1 8.57262E-1 8.97352E-1 9.38891E-1 4.94758E-1 3.48638E-1 3.32143E-1 3.14427E-1 3.02087E-1 3.03353E-1 8.03555E-2 8.09953E-3 6.27399E-2 2.43001E-1
2.48948E-1 2.75235E-1 7.14031E-1 3.69276E-1 7.68213E-1 9.99131E-1 9.40744E-1 9.99376E-1 9.98346E-1 9.5543E-1 3.43713E-1 7.54823E-1 3.14313E-1 2.96236E-1 2.83666E-1 2.7326E-1 1.82026E-1 4.01125E-1 5.55969E-2 2.37961E-1
2.33969E-1 2.6147E-1 3.51694E-1 4.95393E-1 2.13327E-1 8.99755E-1 5.50086E-1 9.89541E-1 2.97005E-1 1.22112E-1 1.3995E-1 2.88587E-1 3.08631E-1 2.97623E-1 2.84233E-1 2.71565E-1 9.21544E-2 2.64991E-1 2.98788E-1 3.6151E-1
5.16901E-1 2.43284E-1 2.97799E-1 8.18891E-2 2.30396E-1 8.92702E-1 8.45523E-1 1.1154E-2 9.96955E-2 3.36461E-1 5.00522E-1 5.00918E-1 5.61897E-1 4.69432E-1 3.11099E-1 2.95609E-1 2.5582E-1 7.08591E-2 2.41404E-1 9.40582E-2
3.8159E-1 2.17377E-1 2.83159E-1 3.93821E-1 5.92188E-2 7.22173E-1 5.67736E-1 2.75794E-1 6.31626E-1 4.70116E-1 3.89132E-1 2.38441E-1 3.39754E-1 1.0145E-1 3.14319E-1 8.11702E-1 7.3954E-2 5.62886E-1 6.44794E-1 2.32324E-1
6.91544E-1 2.38392E-1 3.76382E-1 2.1943E-1 3.40628E-2 8.42761E-1 5.47712E-2 2.43691E-1 2.18457E-2 1.49283E-1 2.96282E-1 3.70838E-1 8.89007E-1 2.70693E-1 8.24293E-2 4.38754E-1 9.83482E-1 4.31859E-1 2.65463E-2 2.38461E-2
1.73275E-1 1.97339E-1 4.38516E-1 5.17912E-1 2.29093E-1 2.30196E-1 2.3184E-1 2.21348E-1 2.08723E-1 2.56812E-1 3.40411E-1 5.27192E-1 8.59793E-1 3.21766E-1 2.57914E-1 2.92729E-1 4.51919E-1 9.68715E-1 3.79313E-1 2.74362E-2
1.62663E-1 1.66412E-1 1.75678E-1 1.96445E-1 2.27848E-1 2.28149E-1 2.28784E-1 2.30274E-1 2.33707E-1 1.74533E-1 4.82091E-1 1.76731E-1 4.4445E-1 3.1321E-1 8.89633E-2 7.83688E-1 3.82523E-1 2.50304E-1 5.93857E-2 1.49838E-1
1.60964E-1 1.61477E-1 1.62793E-1 1.65896E-1 1.73384E-1 1.95145E-1 2.27963E-1 2.28829E-1 2.31188E-1 2.36618E-1 2.43236E-1 9.23171E-1 6.91876E-1 6.43559E-1 6.24188E-1 7.83473E-1 4.71737E-1 3.28055E-1 1.96246E-1 2.34925E-1
1.60742E-1 1.608E-1 1.60967E-1 1.61468E-1 1.63278E-1 1.71062E-1 2.06858E-1 2.28258E-1 2.29873E-1 2.33905E-1 2.42097E-1 2.55417E-1 2.43413E-1 3.74642E-1 2.90938E-1 7.87779E-1 2.68479E-1 2.21997E-1 1.98747E-2 2.33206E-1
1.60718E-1 1.60724E-1 1.60746E-1 1.60856E-1 1.61482E-1 1.64976E-1 1.82587E-1 2.27937E-1 2.28932E-1 2.31554E-1 2.37129E-1 2.46553E-1 2.58763E-1 2.45842E-1 4.03338E-1 7.02586E-1 2.50744E-1 1.05748E-2 2.37232E-1 2.31705E-1
