현재 지정 모델/accident_10.asc
ncols         20
nrows         20
xllcorner     202043.92331028884
yllcorner     551161.691323056
cellsize      243.329816402587
NODATA_value  -9999
2.44146E-1 2.74878E-1 2.82483E-1 2.84916E-1 2.8578E-1 2.87709E-1 2.91819E-1 2.98971E-1 3.08824E-1 3.18994E-1 3.25616E-1 3.25648E-1 3.19142E-1 3.09132E-1 3.14031E-1 3.57323E-1 2.87765E-1 2.36737E-1 2.83204E-1 2.38561E-1
2.84411E-1 2.85241E-1 2.85649E-1 2.86315E-1 2.87658E-1 2.90718E-1 2.97306E-1 3.09352E-1 3.27079E-1 3.46891E-1 3.61448E-1 3.63817E-1 3.52863E-1 3.34082E-1 5.88687E-1 5.4951E-1 2.89562E-1 2.38159E-1 2.85413E-1 2.82439E-1
2.86336E-1 2.87425E-1 2.8885E-1 2.90676E-1 2.93165E-1 2.9734E-1 3.05614E-1 3.21338E-1 3.4628E-1 3.76739E-1 4.01976E-1 4.09624E-1 3.95489E-1 3.67068E-1 4.87557E-1 3.90216E-1 1.9448E-1 1.62742E-1 2.77989E-1 2.85208E-1
2.89915E-1 2.93297E-1 2.97766E-1 3.03141E-1 3.08839E-1 3.14695E-1 3.2267E-1 3.37368E-1 3.63176E-1 3.98572E-1 4.32011E-1 4.46644E-1 4.94612E-1 5.42111E-1 7.88699E-1 3.28429E-1 4.16727E-1 3.20966E-1 2.89216E-1 2.86338E-1
2.97041E-1 3.05619E-1 3.17474E-1 3.32099E-1 3.4683E-1 3.57657E-1 3.63385E-1 3.69194E-1 3.83759E-1 4.10899E-1 4.42609E-1 5.11337E-1 4.53389E-1 8.27826E-1 6.03506E-1 3.19439E-1 1.92825E-1 3.03103E-1 2.93709E-1 2.8858E-1
3.0767E-1 3.25327E-1 3.51304E-1 3.85374E-1 4.21308E-1 4.34459E-1 4.03646E-1 4.3724E-1 4.24155E-1 3.78774E-1 6.36216E-1 4.54675E-1 5.85136E-1 6.4872E-1 4.75737E-1 8.74148E-1 3.29084E-1 3.13308E-1 3.00287E-1 2.92133E-1
3.18649E-1 3.47776E-1 3.93666E-1 4.58129E-1 5.30529E-1 6.9583E-1 8.32714E-1 6.43964E-1 4.97155E-1 5.93323E-1 7.8073E-1 5.50765E-1 6.74325E-1 4.1898E-1 3.94004E-1 7.36991E-1 5.91266E-2 2.86197E-1 3.07312E-1 2.96233E-1
3.24454E-1 3.62295E-1 4.25802E-1 5.20456E-1 6.52818E-1 8.17402E-1 7.37074E-1 7.72451E-1 5.80047E-1 4.96393E-1 4.41402E-1 7.81459E-1 8.19878E-1 8.66309E-1 7.16462E-1 5.0599E-1 3.34413E-1 2.25767E-1 3.1145E-1 2.99057E-1
3.21496E-1 3.59801E-1 4.27466E-1 5.54334E-1 8.04541E-1 8.83172E-1 9.85377E-1 9.73164E-1 7.37653E-1 9.61071E-1 6.15476E-1 2.88927E-1 5.21896E-1 3.28344E-1 5.7455E-1 3.65609E-1 5.87897E-1 2.311E-1 3.10141E-1 2.9895E-1
3.11682E-1 3.41991E-1 3.97514E-1 4.37851E-1 8.03934E-1 7.76153E-1 9.57994E-1 8.56648E-1 7.94113E-1 9.12384E-1 6.99685E-1 3.38783E-1 3.17363E-1 3.0643E-1 3.38286E-1 4.01765E-1 6.52402E-1 1.22285E-1 2.95199E-1 2.96042E-1
3.00444E-1 3.19474E-1 7.27986E-1 5.44455E-1 8.56043E-1 9.98484E-1 8.74837E-1 9.92385E-1 8.77138E-1 7.74144E-1 4.89999E-1 9.0789E-1 3.46669E-1 3.34235E-1 3.25444E-1 3.18067E-1 3.47642E-1 4.26424E-1 2.97849E-1 2.92281E-1
3.15083E-1 3.68391E-1 4.67072E-1 4.9685E-1 5.11165E-1 8.65788E-1 5.30464E-1 9.11173E-1 7.7274E-1 4.16694E-1 5.6298E-1 3.82959E-1 3.72875E-1 2.95906E-1 2.874E-1 2.79245E-1 4.0741E-1 2.96333E-1 5.34715E-1 5.07912E-1
5.75455E-1 3.8303E-1 6.78015E-1 4.40786E-1 7.64391E-1 6.89936E-1 8.89306E-1 4.61422E-1 3.75191E-1 5.47394E-1 4.82464E-1 5.00354E-1 8.05399E-1 8.40058E-1 4.07728E-1 3.51374E-1 7.66649E-1 5.54726E-1 2.94854E-1 3.3654E-1
9.69232E-1 2.51909E-1 4.31956E-1 4.94089E-1 1.53256E-1 9.01067E-1 5.86184E-1 6.25381E-1 6.10824E-1 7.5541E-1 4.58955E-1 4.94768E-1 8.38413E-1 5.40569E-1 3.46673E-1 8.09075E-1 3.92881E-1 8.41672E-1 5.39562E-1 3.55628E-1
6.37923E-1 3.487E-1 7.40905E-1 3.78E-1 3.19134E-1 6.60217E-1 2.95434E-1 3.23646E-1 5.40209E-1 4.44109E-1 5.89967E-1 5.32551E-1 9.52318E-1 7.59382E-1 3.50951E-1 7.44904E-1 9.84922E-1 6.65345E-1 4.88742E-1 2.28179E-1
2.12077E-1 2.42775E-1 5.8513E-1 5.52827E-1 2.85594E-1 2.86431E-1 2.87675E-1 2.89765E-1 2.93611E-1 5.67047E-1 4.24067E-1 5.55328E-1 9.3347E-1 3.6261E-1 3.69757E-1 3.96253E-1 4.69015E-1 9.32564E-1 4.89291E-1 2.68736E-1
1.98543E-1 2.03324E-1 2.15143E-1 2.41634E-1 2.81867E-1 2.83798E-1 2.85359E-1 2.8649E-1 2.89085E-1 2.60077E-1 6.72598E-1 6.45254E-1 5.75082E-1 3.15495E-1 4.60105E-1 4.60243E-1 6.3371E-1 4.06955E-1 3.04695E-1 2.4163E-1
1.96377E-1 1.9703E-1 1.98709E-1 2.02666E-1 2.12216E-1 2.39977E-1 2.82602E-1 2.85393E-1 2.87182E-1 2.91274E-1 3.22485E-1 9.19739E-1 7.74532E-1 5.4358E-1 6.83159E-1 6.82117E-1 7.14114E-1 6.00367E-1 3.53737E-1 2.90003E-1
1.96093E-1 1.96167E-1 1.96381E-1 1.9702E-1 1.99326E-1 2.09254E-1 2.5491E-1 2.84497E-1 2.86186E-1 2.89234E-1 2.95369E-1 3.0519E-1 6.333E-1 4.50552E-1 2.91674E-1 7.61712E-1 2.77241E-1 2.76477E-1 1.76424E-1 2.88707E-1
1.96063E-1 1.9607E-1 1.96099E-1 1.96238E-1 1.97037E-1 2.01492E-1 2.23957E-1 2.82435E-1 2.85472E-1 2.8746E-1 2.91658E-1 2.98675E-1 3.07628E-1 3.84463E-1 4.80932E-1 6.02653E-1 3.22452E-1 1.32599E-1 2.91735E-1 2.87573E-1
