현재 지정 모델/accident_max.asc
ncols         20
nrows         20
xllcorner     202043.92331028884
yllcorner     551161.691323056
cellsize      243.329816402587
NODATA_value  -9999
2.44146E-1 2.74878E-1 2.82483E-1 2.84916E-1 2.8578E-1 2.87709E-1 2.93583E-1 3.40404E-1 3.62736E-1 3.75737E-1 3.84197E-1 3.84238E-1 3.75926E-1 3.63129E-1 4.21506E-1 3.57323E-1 2.87765E-1 2.36737E-1 2.83204E-1 2.38561E-1
2.84411E-1 2.85241E-1 2.85649E-1 2.86315E-1 2.87658E-1 2.90718E-1 3.29119E-1 3.63412E-1 3.86066E-1 4.10941E-1 4.45583E-1 4.53993E-1 4.1671E-1 3.95008E-1 8.68108E-1 6.15456E-1 2.89562E-1 2.38159E-1 2.85413E-1 2.82439E-1
2.86336E-1 2.87425E-1 2.8885E-1 2.90676E-1 3.02061E-1 3.29345E-1 3.58432E-1 3.78732E-1 4.1035E-1 4.86383E-1 5.6912E-1 5.74508E-1 5.64509E-1 4.6561E-1 7.17855E-1 5.06226E-1 3.12531E-1 1.75603E-1 2.77989E-1 2.85208E-1
2.89915E-1 3.02898E-1 3.32215E-1 3.55104E-1 3.62755E-1 3.70241E-1 3.80433E-1 3.99202E-1 4.51712E-1 5.66705E-1 5.89994E-1 5.999E-1 7.60806E-1 9.30124E-1 9.29479E-1 3.8779E-1 4.16727E-1 3.20966E-1 2.89216E-1 2.86338E-1
3.27346E-1 3.58439E-1 3.73794E-1 3.92476E-1 4.10883E-1 4.32227E-1 4.52454E-1 4.73254E-1 5.1701E-1 5.75402E-1 5.97185E-1 7.50215E-1 6.07711E-1 9.57748E-1 9.32632E-1 5.78539E-1 2.57621E-1 3.55053E-1 3.05534E-1 2.8858E-1
3.61199E-1 3.83829E-1 4.15206E-1 5.24394E-1 5.82642E-1 5.99691E-1 6.02319E-1 5.93553E-1 5.84606E-1 5.91309E-1 9.45568E-1 6.0527E-1 7.39161E-1 8.13799E-1 8.17209E-1 9.99689E-1 4.13361E-1 3.68469E-1 3.4949E-1 2.95542E-1
3.75295E-1 4.11798E-1 5.62546E-1 6.07566E-1 6.92323E-1 7.93266E-1 8.32714E-1 8.15686E-1 6.36258E-1 7.98182E-1 9.60103E-1 8.78455E-1 9.99054E-1 5.8103E-1 5.63448E-1 9.46198E-1 4.45157E-1 3.02517E-1 3.60718E-1 3.21971E-1
3.82713E-1 4.48584E-1 5.8574E-1 6.47677E-1 8.64716E-1 9.88116E-1 9.47659E-1 9.15183E-1 8.57852E-1 6.32465E-1 5.9637E-1 9.74689E-1 9.73933E-1 9.77992E-1 8.21102E-1 6.12004E-1 3.58173E-1 2.85814E-1 3.66093E-1 3.40999E-1
3.78934E-1 4.39763E-1 5.86883E-1 7.15253E-1 9.01869E-1 9.46246E-1 9.89755E-1 9.78456E-1 7.61562E-1 9.9853E-1 8.18062E-1 4.92857E-1 8.66021E-1 5.35398E-1 8.30666E-1 4.78322E-1 6.67408E-1 2.61641E-1 3.64419E-1 3.40261E-1
3.6639E-1 4.05099E-1 5.65953E-1 6.51759E-1 8.8988E-1 9.99577E-1 9.99726E-1 9.97413E-1 9.06028E-1 9.73685E-1 7.79818E-1 5.47317E-1 5.22658E-1 5.09762E-1 4.00373E-1 4.44452E-1 8.37269E-1 2.42036E-1 2.95199E-1 3.20704E-1
3.5058E-1 3.7635E-1 9.30652E-1 7.72123E-1 9.15863E-1 9.99891E-1 9.98338E-1 9.99989E-1 9.98346E-1 9.5543E-1 5.83772E-1 9.63816E-1 4.10727E-1 3.95204E-1 3.83978E-1 3.74552E-1 5.84838E-1 5.76453E-1 3.14711E-1 2.96473E-1
3.85289E-1 4.03614E-1 6.19537E-1 6.35229E-1 9.20335E-1 9.98756E-1 8.39903E-1 9.99984E-1 9.59254E-1 5.90546E-1 5.6298E-1 5.81665E-1 5.6974E-1 4.93582E-1 4.8003E-1 4.66915E-1 4.98809E-1 6.04802E-1 5.55655E-1 7.07813E-1
8.08986E-1 4.69645E-1 8.1118E-1 7.14004E-1 8.07887E-1 9.13312E-1 9.95802E-1 8.0061E-1 5.49948E-1 7.72129E-1 8.60981E-1 6.42018E-1 9.87717E-1 9.46536E-1 4.51653E-1 5.39102E-1 9.48339E-1 5.76163E-1 3.12918E-1 4.82972E-1
9.95373E-1 3.36292E-1 5.93113E-1 6.36848E-1 2.03118E-1 9.8174E-1 8.35443E-1 8.14551E-1 9.00231E-1 8.99141E-1 5.85083E-1 8.09766E-1 9.98063E-1 7.48443E-1 4.10731E-1 9.78443E-1 5.83124E-1 9.81672E-1 7.70417E-1 4.05362E-1
8.89991E-1 3.487E-1 8.02569E-1 4.65222E-1 5.21015E-1 9.63503E-1 3.12746E-1 4.87929E-1 7.22527E-1 5.71066E-1 7.40072E-1 7.67513E-1 9.97267E-1 9.27556E-1 5.26204E-1 7.44904E-1 9.98876E-1 7.95192E-1 7.24899E-1 2.28179E-1
2.12077E-1 2.42775E-1 8.10645E-1 7.34365E-1 2.85594E-1 2.86431E-1 2.87675E-1 3.20117E-1 3.11262E-1 8.39071E-1 5.12498E-1 8.66592E-1 9.8673E-1 4.75272E-1 6.31992E-1 6.8012E-1 5.80638E-1 9.95736E-1 8.05989E-1 2.7855E-1
1.98543E-1 2.03324E-1 2.15143E-1 2.41634E-1 2.81867E-1 2.83798E-1 2.85359E-1 2.8649E-1 2.89085E-1 2.74722E-1 9.02298E-1 7.28875E-1 8.58555E-1 5.72284E-1 6.16006E-1 8.05803E-1 7.59899E-1 5.23217E-1 3.35709E-1 2.4163E-1
1.96377E-1 1.9703E-1 1.98709E-1 2.02666E-1 2.12216E-1 2.39977E-1 2.82602E-1 2.85393E-1 2.87182E-1 2.91274E-1 4.35061E-1 9.97065E-1 9.69289E-1 9.83156E-1 8.93663E-1 9.68756E-1 9.2249E-1 6.00573E-1 3.55015E-1 2.90003E-1
1.96093E-1 1.96167E-1 1.96381E-1 1.9702E-1 1.99326E-1 2.09254E-1 2.5491E-1 2.84497E-1 2.86186E-1 2.89234E-1 3.16282E-1 3.57861E-1 8.54772E-1 8.3295E-1 4.86855E-1 9.51428E-1 4.63675E-1 3.79735E-1 1.83971E-1 2.88707E-1
1.96063E-1 1.9607E-1 1.96099E-1 1.96238E-1 1.97037E-1 2.01492E-1 2.23957E-1 2.82435E-1 2.85472E-1 2.8746E-1 2.92577E-1 3.38385E-1 3.61143E-1 5.49199E-1 7.2985E-1 8.41645E-1 4.54611E-1 1.95992E-1 2.93058E-1 2.87573E-1
