현재 지정 모델/accident_lowerci.asc
ncols         20
nrows         20
xllcorner     202043.92331028884
yllcorner     551161.691323056
cellsize      243.329816402587
NODATA_value  -9999
6.54846E-2 6.57289E-2 6.61672E-2 6.7214E-2 7.00839E-2 7.7765E-2 1.19573E-1 1.39464E-1 1.42788E-1 1.46208E-1 1.4843E-1 1.48441E-1 1.46258E-1 1.42891E-1 1.76948E-1 1.15122E-1 7.8107E-2 4.84705E-2 6.64764E-2 6.54376E-2
6.6996E-2 6.80638E-2 6.95904E-2 7.21406E-2 7.75539E-2 1.0914E-1 1.28432E-1 1.42966E-1 1.48921E-1 1.5555E-1 1.6041E-1 1.612E-1 1.57544E-1 1.51267E-1 2.15134E-1 8.25212E-2 4.91518E-2 2.59807E-2 6.87027E-2 6.61485E-2
7.22229E-2 7.65877E-2 8.84063E-2 1.08632E-1 1.24321E-1 1.28653E-1 1.41706E-1 1.46995E-1 1.55345E-1 1.65511E-1 1.77596E-1 1.81549E-1 1.74267E-1 1.62285E-1 2.00306E-1 1.20093E-1 1.79636E-2 1.89478E-3 6.63978E-2 6.79426E-2
9.97336E-2 1.24382E-1 1.31466E-1 1.40872E-1 1.42793E-1 1.44763E-1 1.47442E-1 1.52366E-1 1.60986E-1 1.75846E-1 1.93299E-1 2.0113E-1 1.33855E-1 3.71664E-1 5.06378E-1 1.49373E-1 2.54028E-2 7.06235E-2 9.21577E-2 7.22303E-2
1.26715E-1 1.41708E-1 1.45698E-1 1.50602E-1 1.55529E-1 1.59145E-1 1.61056E-1 1.62994E-1 1.683E-1 1.82211E-1 1.98959E-1 2.42991E-1 1.71306E-1 2.12271E-1 3.86742E-1 1.55672E-1 6.61402E-3 1.40859E-1 1.24575E-1 8.57374E-2
1.42399E-1 1.48334E-1 1.57024E-1 1.69117E-1 1.87648E-1 1.83195E-1 1.25103E-1 1.96084E-1 1.89145E-1 1.08442E-1 3.5729E-1 2.05481E-1 1.88699E-1 4.09242E-1 3.02422E-1 6.39838E-1 1.66463E-2 1.44297E-1 1.39908E-1 1.2107E-1
1.46092E-1 1.55845E-1 1.73335E-1 2.07364E-1 1.6461E-1 3.12989E-1 2.34587E-1 1.96863E-1 1.50628E-1 2.73621E-1 1.07249E-1 1.61471E-1 2.62752E-1 1.86427E-1 1.73507E-1 4.51174E-1 2.32378E-4 8.97946E-2 1.42278E-1 1.25754E-1
1.48041E-1 1.60692E-1 1.90013E-1 2.37661E-1 2.615E-1 1.37712E-1 3.64482E-1 3.84943E-1 1.94703E-1 2.28726E-1 1.9831E-1 5.15738E-1 5.00314E-1 6.06256E-1 4.79494E-1 1.63061E-1 5.11765E-3 3.16095E-2 1.43672E-1 1.39493E-1
1.47048E-1 1.5986E-1 1.90891E-1 4.14113E-1 2.93608E-1 3.07622E-1 5.42363E-1 2.73743E-1 1.96586E-1 3.02525E-1 2.89588E-1 1.41777E-2 1.96855E-1 9.78135E-2 3.4933E-1 2.90032E-1 1.38767E-1 3.70497E-2 1.43231E-1 1.39456E-1
1.4375E-1 1.53912E-1 1.75304E-1 1.14742E-1 2.52471E-1 4.77701E-1 5.12117E-1 6.29856E-1 3.15485E-1 6.59342E-1 4.05421E-1 9.94647E-2 9.6063E-2 9.43049E-2 1.52673E-1 1.58917E-1 8.03555E-2 9.5735E-4 5.64469E-2 1.25665E-1
1.39961E-1 1.46369E-1 3.95199E-1 2.28327E-1 2.85937E-1 9.11642E-1 5.17363E-1 9.20631E-1 6.1911E-1 5.10703E-1 1.94467E-1 4.88169E-1 1.55476E-1 1.51318E-1 1.48373E-1 1.45897E-1 1.21063E-1 2.8814E-1 5.55969E-2 1.21784E-1
1.34346E-1 1.32379E-1 7.79401E-2 1.2615E-1 6.69029E-2 7.74043E-1 4.1058E-1 7.80584E-1 2.31436E-1 1.22112E-1 9.00747E-2 1.44155E-1 1.10425E-1 9.25967E-2 9.12035E-2 8.74482E-2 9.21544E-2 1.35624E-1 1.03424E-1 1.16802E-1
1.822E-1 1.46002E-1 1.89935E-1 8.18891E-2 8.79813E-2 5.76714E-1 5.60016E-1 1.1154E-2 9.96955E-2 3.16004E-1 3.45662E-1 1.26696E-1 5.31814E-1 4.29379E-1 1.60757E-1 9.85087E-2 2.5582E-1 6.68408E-2 1.25109E-1 5.89345E-2
8.08209E-2 5.39625E-2 1.69955E-1 2.10966E-1 8.95697E-3 5.06307E-1 3.30954E-1 8.7816E-2 1.82813E-1 3.91684E-1 2.20711E-1 2.0746E-1 2.32211E-1 1.0145E-1 1.55477E-1 2.33073E-1 7.3954E-2 3.55752E-1 1.96895E-1 9.9029E-2
7.76429E-2 5.65774E-2 1.36387E-1 1.06635E-1 1.03093E-2 1.08871E-1 5.47712E-2 7.06479E-2 2.18457E-2 1.49072E-1 7.72244E-2 1.3645E-1 5.14848E-1 1.81145E-1 8.24293E-2 1.07929E-1 7.0431E-1 2.30858E-1 2.65463E-2 2.21512E-2
6.52018E-2 6.54732E-2 7.27079E-2 8.87071E-2 6.9383E-2 7.25942E-2 7.7625E-2 8.98774E-2 9.79621E-2 8.40845E-2 1.71E-1 2.30565E-1 5.42782E-1 2.88073E-1 1.78782E-1 1.60136E-1 1.21824E-1 6.52141E-1 2.07466E-1 1.91586E-2
6.50717E-2 6.51185E-2 6.52303E-2 6.54636E-2 6.59035E-2 6.6732E-2 6.85042E-2 7.28287E-2 9.08041E-2 7.81241E-2 3.31595E-1 1.45158E-1 4.08133E-1 1.60475E-1 8.89633E-2 1.62244E-1 2.29711E-1 1.82758E-1 5.25894E-2 6.00198E-2
6.50502E-2 6.50567E-2 6.50733E-2 6.51121E-2 6.52031E-2 6.54496E-2 6.62184E-2 6.86305E-2 7.55951E-2 1.16122E-1 1.78957E-1 5.2213E-1 6.2737E-1 3.99727E-1 3.74655E-1 3.32787E-1 3.0331E-1 1.57287E-1 4.72212E-2 1.00724E-1
6.50474E-2 6.50481E-2 6.50502E-2 6.50566E-2 6.50794E-2 6.51752E-2 6.55728E-2 6.70332E-2 7.16422E-2 9.2352E-2 1.2535E-1 1.41563E-1 2.43413E-1 1.48486E-1 9.19049E-2 4.52106E-1 8.62062E-2 6.21238E-2 6.1275E-3 8.69845E-2
6.50471E-2 6.50471E-2 6.50474E-2 6.50488E-2 6.50568E-2 6.51007E-2 6.53104E-2 6.61468E-2 6.89234E-2 7.67309E-2 1.18809E-1 1.37644E-1 1.42385E-1 1.33256E-1 2.73922E-1 3.48723E-1 1.96657E-1 1.64941E-3 1.19174E-1 7.72017E-2
