현재 지정 모델/accident_17.asc
ncols         20
nrows         20
xllcorner     202043.92331028884
yllcorner     551161.691323056
cellsize      243.329816402587
NODATA_value  -9999
1.79706E-1 1.86365E-1 1.87904E-1 1.88283E-1 1.89297E-1 1.91846E-1 1.97332E-1 2.07052E-1 2.20807E-1 2.28352E-1 2.32274E-1 2.32293E-1 2.2844E-1 2.21244E-1 2.45688E-1 2.51576E-1 1.9192E-1 8.22825E-2 1.88017E-1 1.78447E-1
1.88205E-1 1.88587E-1 1.89125E-1 1.90002E-1 1.91779E-1 1.95854E-1 2.04769E-1 2.21557E-1 2.33141E-1 2.44857E-1 2.53457E-1 2.54855E-1 2.48385E-1 2.37285E-1 5.80919E-1 4.29622E-1 1.02878E-1 9.71849E-2 1.88814E-1 1.87898E-1
1.9003E-1 1.91469E-1 1.93361E-1 1.95799E-1 1.99144E-1 2.04816E-1 2.16281E-1 2.29741E-1 2.44496E-1 2.62488E-1 2.77409E-1 2.81939E-1 2.73571E-1 2.56775E-1 5.06164E-1 1.86709E-1 4.9338E-2 4.08262E-2 1.25013E-1 1.88544E-1
1.94781E-1 1.99322E-1 2.05399E-1 2.12824E-1 2.20829E-1 2.25803E-1 2.3053E-1 2.39228E-1 2.54477E-1 2.75394E-1 2.9523E-1 3.03951E-1 4.14485E-1 5.95323E-1 8.00548E-1 2.3394E-1 1.34009E-1 1.34714E-1 1.93848E-1 1.90032E-1
2.04408E-1 2.16288E-1 2.27451E-1 2.36111E-1 2.44821E-1 2.51217E-1 2.546E-1 2.58031E-1 2.66635E-1 2.82694E-1 3.01543E-1 3.33801E-1 2.97636E-1 9.57748E-1 5.7356E-1 2.29017E-1 5.10986E-2 2.1277E-1 1.99879E-1 1.93002E-1
2.19175E-1 2.32104E-1 2.47464E-1 2.6759E-1 2.88869E-1 2.04509E-1 1.63072E-1 2.98342E-1 2.90559E-1 2.36766E-1 4.79385E-1 3.08751E-1 4.86429E-1 6.9401E-1 4.2361E-1 9.96942E-1 1.07949E-1 2.2498E-1 2.08866E-1 1.97753E-1
2.28147E-1 2.4538E-1 2.72492E-1 3.10819E-1 4.02549E-1 3.83047E-1 6.35542E-1 5.09668E-1 3.68179E-1 4.45778E-1 8.98211E-1 4.6357E-1 7.73106E-1 2.87486E-1 2.72692E-1 8.63147E-1 2.13975E-3 1.19984E-1 2.1867E-1 2.03305E-1
2.31587E-1 2.53957E-1 2.91538E-1 3.48582E-1 5.24381E-1 3.78635E-1 4.869E-1 5.43954E-1 2.74104E-1 3.33888E-1 3.00823E-1 8.99609E-1 7.75064E-1 8.50166E-1 6.28828E-1 3.24386E-1 1.47016E-1 6.26382E-2 2.23878E-1 2.07171E-1
2.29834E-1 2.52483E-1 2.92526E-1 4.14113E-1 5.23255E-1 4.79862E-1 6.54255E-1 8.6004E-1 5.59142E-1 7.90109E-1 5.43477E-1 4.65247E-2 4.81747E-1 2.09563E-1 4.05802E-1 2.90032E-1 3.72023E-1 4.49604E-2 2.22677E-1 2.07023E-1
2.24015E-1 2.41961E-1 2.74768E-1 2.59607E-1 2.54795E-1 4.86239E-1 5.54107E-1 7.30087E-1 5.26808E-1 8.68245E-1 6.52359E-1 2.11308E-1 2.03642E-1 1.97743E-1 2.39771E-1 2.97324E-1 8.12399E-1 1.62368E-2 1.64156E-1 2.03044E-1
2.09082E-1 2.28636E-1 7.0884E-1 4.18337E-1 4.22462E-1 9.88588E-1 8.3471E-1 9.858E-1 7.57725E-1 6.47594E-1 3.35773E-1 8.48887E-1 2.44726E-1 2.37376E-1 2.32173E-1 2.27803E-1 2.0263E-1 4.91697E-1 2.28595E-1 1.97953E-1
2.53544E-1 2.6753E-1 3.54673E-1 2.40138E-1 3.91626E-1 9.83516E-1 4.73367E-1 9.36426E-1 7.84197E-1 3.2714E-1 3.87624E-1 2.04312E-1 2.46611E-1 1.92056E-1 1.87454E-1 1.83034E-1 3.04323E-1 2.50264E-1 4.01177E-1 2.29314E-1
6.2498E-1 3.17905E-1 4.8149E-1 5.25124E-1 5.34447E-1 7.65436E-1 8.13124E-1 5.31997E-1 2.9985E-1 5.44337E-1 5.16732E-1 2.41781E-1 8.44218E-1 9.21555E-1 3.01054E-1 2.38705E-1 8.98255E-1 5.76163E-1 2.01429E-1 3.31699E-1
9.91967E-1 1.49888E-1 3.65519E-1 2.8364E-1 2.59601E-2 9.17743E-1 5.85042E-1 5.33917E-1 5.85474E-1 7.26556E-1 3.67111E-1 4.44984E-1 9.862E-1 6.44441E-1 2.44729E-1 4.20726E-1 3.27858E-1 6.58681E-1 5.59853E-1 2.44779E-1
6.316E-1 2.39969E-1 7.08999E-1 3.04521E-1 8.97494E-2 5.65545E-1 2.24983E-1 2.09487E-1 4.37071E-1 4.02775E-1 6.22816E-1 5.03219E-1 9.64527E-1 6.55675E-1 2.7898E-1 6.45224E-1 9.80608E-1 7.43439E-1 7.24899E-1 5.59207E-2
1.72233E-1 1.79398E-1 6.02461E-1 4.70208E-1 1.89053E-1 1.90155E-1 1.91801E-1 1.91024E-1 1.92526E-1 2.21407E-1 3.43579E-1 5.95012E-1 8.48413E-1 2.88073E-1 2.47827E-1 3.10865E-1 2.27233E-1 9.92626E-1 6.081E-1 7.85508E-2
1.6888E-1 1.70079E-1 1.72975E-1 1.79142E-1 1.87808E-1 1.8811E-1 1.88743E-1 1.90234E-1 1.93674E-1 1.01409E-1 8.59163E-1 5.61982E-1 6.40869E-1 2.30796E-1 4.82578E-1 3.30234E-1 5.4422E-1 3.51668E-1 1.50734E-1 8.41309E-2
1.6833E-1 1.68496E-1 1.68922E-1 1.69915E-1 1.72267E-1 1.78768E-1 1.87923E-1 1.88788E-1 1.91148E-1 1.966E-1 2.65258E-1 9.78039E-1 8.73835E-1 5.68756E-1 7.22333E-1 5.5137E-1 6.355E-1 3.37417E-1 1.61101E-1 1.94898E-1
1.68258E-1 1.68277E-1 1.68331E-1 1.68494E-1 1.69077E-1 1.71544E-1 1.82088E-1 1.88218E-1 1.89832E-1 1.93873E-1 2.02129E-1 2.15685E-1 7.62973E-1 3.49794E-1 1.89767E-1 9.17079E-1 1.81947E-1 1.22607E-1 4.42342E-2 1.93171E-1
1.6825E-1 1.68252E-1 1.6826E-1 1.68295E-1 1.68498E-1 1.69622E-1 1.75073E-1 1.87897E-1 1.88891E-1 1.91515E-1 1.97115E-1 2.06646E-1 2.19116E-1 2.76733E-1 3.79903E-1 5.24807E-1 2.54194E-1 2.12115E-2 1.97219E-1 1.91666E-1
