현재 지정 모델/accident_4.asc
ncols         20
nrows         20
xllcorner     202043.92331028884
yllcorner     551161.691323056
cellsize      243.329816402587
NODATA_value  -9999
8.90066E-2 8.92579E-2 8.9708E-2 9.07802E-2 9.36991E-2 1.01372E-1 1.19573E-1 1.57968E-1 1.98966E-1 2.12076E-1 2.20826E-1 2.20869E-1 2.12269E-1 1.99357E-1 2.17155E-1 7.47239E-2 1.01602E-1 3.75789E-2 9.00251E-2 8.89582E-2
9.05572E-2 9.16476E-2 9.31993E-2 9.57728E-2 1.01164E-1 1.14437E-1 1.48207E-1 1.99637E-1 2.22782E-1 2.50067E-1 2.7104E-1 2.74525E-1 2.58578E-1 2.32258E-1 4.01534E-1 2.58979E-1 2.75559E-2 3.16963E-2 9.2298E-2 8.96888E-2
9.58555E-2 1.00208E-1 1.06162E-1 1.14247E-1 1.26117E-1 1.484E-1 1.94912E-1 2.15154E-1 2.49204E-1 2.93881E-1 3.33306E-1 3.45655E-1 3.22975E-1 2.79339E-1 3.99066E-1 4.32007E-1 5.3352E-2 1.21799E-2 5.54655E-2 9.15241E-2
1.10814E-1 1.26773E-1 1.50853E-1 1.84792E-1 1.98985E-1 2.06484E-1 2.16912E-1 2.36768E-1 2.7358E-1 3.27868E-1 3.82792E-1 4.07801E-1 6.63649E-1 6.31212E-1 6.38215E-1 2.24594E-1 1.02175E-1 3.93847E-2 1.07742E-1 9.58629E-2
1.46703E-1 1.94919E-1 2.1009E-1 2.29555E-1 2.49982E-1 2.65504E-1 2.73887E-1 2.82509E-1 3.04637E-1 3.47731E-1 4.0085E-1 4.56671E-1 4.19507E-1 5.8482E-1 8.65938E-1 4.56268E-1 3.53711E-2 1.8453E-1 1.28849E-1 1.05014E-1
1.97504E-1 2.20441E-1 2.56343E-1 3.07135E-1 3.64859E-1 2.53003E-1 2.14186E-1 3.91666E-1 3.69597E-1 5.09205E-1 7.08379E-1 4.21751E-1 5.09505E-1 5.26019E-1 6.00074E-1 7.36733E-1 3.18826E-2 2.04696E-1 1.66062E-1 1.2107E-1
2.11623E-1 2.5132E-1 3.20095E-1 4.27797E-1 4.735E-1 4.61312E-1 5.73155E-1 3.53066E-1 4.16827E-1 3.93549E-1 5.28017E-1 6.98184E-1 7.97017E-1 3.61E-1 3.20628E-1 4.68005E-1 6.23326E-3 1.04687E-1 1.97051E-1 1.42192E-1
2.19278E-1 2.72284E-1 3.7235E-1 5.40546E-1 7.75296E-1 4.64023E-1 9.00943E-1 6.57771E-1 8.3527E-1 4.96339E-1 3.98778E-1 8.42453E-1 8.09023E-1 8.95729E-1 4.79494E-1 4.04473E-1 2.72662E-2 6.2618E-2 2.02312E-1 1.58491E-1
2.15362E-1 2.68628E-1 3.75137E-1 6.8866E-1 5.63902E-1 7.04997E-1 9.77048E-1 9.36957E-1 5.02625E-1 9.21963E-1 3.08613E-1 4.38514E-2 3.83211E-1 4.0159E-1 5.33959E-1 3.36039E-1 3.82236E-1 5.2719E-2 2.0064E-1 1.57842E-1
2.02609E-1 2.43183E-1 3.26185E-1 6.3482E-1 4.8913E-1 9.62915E-1 9.99726E-1 9.51132E-1 8.95351E-1 8.51896E-1 4.05421E-1 4.2358E-1 3.78721E-1 3.56272E-1 2.38036E-1 1.44201E-1 4.64159E-1 1.37038E-2 8.94061E-2 1.41139E-1
1.67048E-1 2.12704E-1 5.85395E-1 4.93165E-1 4.59238E-1 9.86633E-1 8.39106E-1 9.20631E-1 9.9721E-1 6.66418E-1 2.25069E-1 5.62831E-1 2.49754E-1 2.32468E-1 2.20597E-1 2.10864E-1 2.53478E-1 4.15186E-1 1.2059E-1 1.21784E-1
1.96816E-1 1.09308E-1 1.833E-1 6.35229E-1 3.43805E-1 9.25027E-1 7.75404E-1 8.99533E-1 7.13792E-1 2.92567E-1 3.44453E-1 2.51488E-1 2.31937E-1 3.35013E-1 3.18111E-1 3.02162E-1 4.51373E-1 4.61174E-1 2.23754E-1 7.9948E-2
4.47563E-1 1.20263E-1 2.30578E-1 2.8146E-1 2.64916E-1 8.37823E-1 9.35367E-1 3.00518E-1 2.36547E-1 2.81873E-1 4.71683E-1 6.42018E-1 6.74931E-1 8.14121E-1 1.48963E-1 2.05597E-1 5.04049E-1 3.04533E-1 1.3476E-1 1.82776E-1
8.99335E-1 1.44647E-1 2.32098E-1 3.54022E-1 2.519E-2 7.83534E-1 5.42168E-1 3.63507E-1 5.57164E-1 4.51546E-1 2.20711E-1 5.32044E-1 5.40515E-1 2.4943E-1 2.4976E-1 9.78443E-1 1.09208E-1 6.63927E-1 1.95521E-1 7.04013E-2
7.76429E-2 5.57118E-2 1.36387E-1 1.01921E-1 2.47275E-2 1.59748E-1 1.09659E-1 1.48172E-1 3.97841E-1 1.49072E-1 3.44303E-1 3.87669E-1 8.86459E-1 6.51558E-1 2.06587E-1 3.66718E-1 9.69176E-1 5.0323E-1 3.8623E-1 2.69079E-2
8.87154E-2 8.89948E-2 7.27079E-2 5.29782E-2 9.29889E-2 9.62283E-2 1.01234E-1 1.10149E-1 1.28351E-1 8.40845E-2 1.85409E-1 2.79764E-1 8.49238E-1 3.30903E-1 3.91482E-1 3.5593E-1 5.80638E-1 6.52141E-1 5.5481E-1 1.91586E-2
8.85814E-2 8.86296E-2 8.87448E-2 8.8985E-2 8.94372E-2 9.0287E-2 9.20961E-2 9.64634E-2 1.07176E-1 6.18877E-2 5.3753E-1 4.52489E-1 8.15067E-1 4.4718E-1 2.5292E-1 6.35837E-1 2.51939E-1 2.07132E-1 6.30504E-2 4.76945E-2
8.85593E-2 8.8566E-2 8.85831E-2 8.86231E-2 8.87168E-2 8.89706E-2 8.97605E-2 9.22246E-2 9.92239E-2 1.17007E-1 2.54595E-1 5.98837E-1 7.46882E-1 5.27304E-1 7.58402E-1 4.39935E-1 3.05772E-1 2.57842E-1 3.96492E-2 1.11205E-1
8.85564E-2 8.85571E-2 8.85593E-2 8.85659E-2 8.85894E-2 8.86881E-2 8.90973E-2 9.05953E-2 9.52716E-2 1.07822E-1 1.37497E-1 1.94379E-1 3.62912E-1 2.88648E-1 3.2657E-1 6.72945E-1 2.98284E-1 1.43514E-1 2.09709E-2 1.05553E-1
8.85561E-2 8.85561E-2 8.85564E-2 8.85579E-2 8.8566E-2 8.86113E-2 8.88273E-2 8.96871E-2 9.25223E-2 1.0035E-1 1.18809E-1 1.56198E-1 1.97451E-1 1.30925E-1 4.81151E-1 5.87556E-1 2.65109E-1 1.34322E-2 1.19174E-1 1.00816E-1
