현재 지정 모델/accident_0.asc
ncols         20
nrows         20
xllcorner     202043.92331028884
yllcorner     551161.691323056
cellsize      243.329816402587
NODATA_value  -9999
1.63425E-1 1.6907E-1 1.70318E-1 1.70489E-1 1.70947E-1 1.72094E-1 1.74541E-1 1.78806E-1 1.84701E-1 1.90811E-1 1.94802E-1 1.94822E-1 1.909E-1 1.84886E-1 1.95086E-1 2.80393E-1 1.72127E-1 1.17609E-1 1.70369E-1 1.62357E-1
1.70454E-1 1.70627E-1 1.7087E-1 1.71265E-1 1.72064E-1 1.73885E-1 1.77812E-1 1.85018E-1 1.95686E-1 2.07706E-1 2.16609E-1 2.18064E-1 2.1135E-1 1.99922E-1 4.93813E-1 2.46446E-1 1.8549E-1 6.85231E-2 1.70729E-1 1.70315E-1
1.71277E-1 1.71925E-1 1.72773E-1 1.7386E-1 1.75342E-1 1.77832E-1 1.82778E-1 1.92223E-1 2.07333E-1 2.26031E-1 2.41752E-1 2.46562E-1 2.3769E-1 2.20063E-1 5.45714E-1 1.23871E-1 7.05401E-2 1.71658E-2 1.61279E-1 1.70607E-1
1.73407E-1 1.75421E-1 1.78086E-1 1.81299E-1 1.8471E-1 1.88225E-1 1.93025E-1 2.01915E-1 2.1767E-1 2.39619E-1 2.60768E-1 2.70165E-1 4.11601E-1 5.6752E-1 8.09139E-1 1.96501E-1 1.98697E-1 2.24667E-1 1.7299E-1 1.71279E-1
1.77654E-1 1.82781E-1 1.89896E-1 1.98721E-1 2.07669E-1 2.14284E-1 2.17798E-1 2.21373E-1 2.30382E-1 2.47366E-1 2.67565E-1 3.92036E-1 2.65031E-1 8.1277E-1 3.758E-1 1.61882E-1 3.98621E-2 1.81276E-1 1.75667E-1 1.72612E-1
1.8401E-1 1.94628E-1 2.10398E-1 2.31386E-1 2.53952E-1 2.54855E-1 2.15759E-1 2.64116E-1 2.5576E-1 1.89541E-1 4.26821E-1 2.75361E-1 4.53129E-1 6.50077E-1 3.42303E-1 9.98281E-1 2.94304E-1 1.87392E-1 1.79592E-1 1.74727E-1
1.90603E-1 2.08245E-1 2.36551E-1 2.77605E-1 1.99424E-1 4.89593E-1 4.05895E-1 3.32774E-1 1.77598E-1 4.21538E-1 5.21901E-1 5.79463E-1 7.99365E-1 2.52475E-1 2.36762E-1 8.13417E-1 6.2676E-3 1.51326E-1 1.83795E-1 1.77172E-1
1.94101E-1 2.17129E-1 2.56808E-1 3.19106E-1 2.615E-1 2.60793E-1 4.79053E-1 6.24287E-1 3.04412E-1 3.02843E-1 2.66788E-1 8.99173E-1 7.4623E-1 9.01405E-1 6.83983E-1 2.54352E-1 9.61666E-2 9.26535E-2 1.86276E-1 1.78858E-1
1.92318E-1 2.15598E-1 2.57868E-1 3.54376E-1 7.11201E-1 4.04246E-1 5.42363E-1 6.47236E-1 3.82781E-1 3.02525E-1 5.83555E-1 1.04792E-1 5.63177E-1 1.63273E-1 3.9016E-1 2.27459E-1 3.21816E-1 7.73091E-2 1.85491E-1 1.78793E-1
1.86416E-1 2.04723E-1 2.38957E-1 2.13561E-1 4.89113E-1 4.69165E-1 7.11359E-1 7.35521E-1 4.66961E-1 9.10895E-1 6.46839E-1 1.65495E-1 1.57659E-1 1.52102E-1 2.02472E-1 3.14614E-1 5.71037E-1 1.61595E-2 1.0047E-1 1.77058E-1
1.79686E-1 1.911E-1 8.30358E-1 3.79182E-1 6.21E-1 9.99346E-1 8.97589E-1 8.7506E-1 6.64924E-1 6.7089E-1 3.65723E-1 9.49353E-1 2.0757E-1 2.00015E-1 1.94699E-1 1.90253E-1 1.73961E-1 4.58332E-1 1.00679E-1 1.74816E-1
1.96448E-1 2.88882E-1 3.61036E-1 2.1594E-1 3.71821E-1 9.97545E-1 3.55969E-1 9.60948E-1 7.33495E-1 1.50369E-1 1.88661E-1 1.96006E-1 2.4122E-1 1.46783E-1 1.42505E-1 1.3842E-1 9.94383E-2 1.60867E-1 3.69692E-1 2.84977E-1
5.37359E-1 3.11878E-1 4.37914E-1 2.41689E-1 4.01958E-1 7.06889E-1 9.35754E-1 7.81777E-2 1.33895E-1 5.36746E-1 5.02976E-1 2.17721E-1 7.55387E-1 8.88725E-1 3.19236E-1 2.31289E-1 8.33376E-1 3.58326E-1 1.76349E-1 1.77331E-1
9.80413E-1 1.22443E-1 3.92967E-1 2.65882E-1 4.71703E-2 9.12573E-1 5.23193E-1 8.7816E-2 5.58249E-1 6.35034E-1 3.30799E-1 3.49204E-1 5.33892E-1 3.65793E-1 2.07573E-1 6.97998E-1 1.83806E-1 7.51883E-1 7.70417E-1 2.74249E-1
8.89991E-1 2.74068E-1 7.06973E-1 3.02655E-1 2.18964E-1 6.18741E-1 9.98265E-2 2.0916E-1 7.5807E-2 2.83288E-1 5.71207E-1 4.37811E-1 9.97267E-1 4.57457E-1 1.22165E-1 6.13006E-1 8.99962E-1 7.95192E-1 2.39506E-1 4.73506E-2
1.57079E-1 1.63164E-1 7.66671E-1 2.45029E-1 1.70837E-1 1.71334E-1 1.72074E-1 1.7009E-1 1.69132E-1 2.99404E-1 3.05072E-1 6.31879E-1 5.73761E-1 2.25557E-1 1.78782E-1 2.67062E-1 2.02028E-1 8.98492E-1 5.77994E-1 7.20626E-2
1.54226E-1 1.55247E-1 1.57709E-1 1.62946E-1 1.70274E-1 1.70411E-1 1.70697E-1 1.71369E-1 1.72913E-1 1.34893E-1 8.82172E-1 2.9003E-1 5.17805E-1 1.62888E-1 2.38182E-1 2.54647E-1 5.24036E-1 3.25385E-1 1.11324E-1 1.17714E-1
1.53759E-1 1.539E-1 1.54262E-1 1.55108E-1 1.57107E-1 1.62629E-1 1.70326E-1 1.70717E-1 1.71781E-1 1.74216E-1 2.01068E-1 9.95382E-1 7.90234E-1 6.39403E-1 6.67523E-1 5.49872E-1 5.84063E-1 3.08628E-1 3.55015E-1 1.73459E-1
1.53697E-1 1.53713E-1 1.5376E-1 1.53898E-1 1.54395E-1 1.56493E-1 1.65445E-1 1.7046E-1 1.71189E-1 1.73001E-1 1.76656E-1 1.82524E-1 5.98877E-1 4.01191E-1 1.44653E-1 9.15082E-1 1.37419E-1 1.91506E-1 3.64714E-2 1.72688E-1
1.53691E-1 1.53692E-1 1.53699E-1 1.53729E-1 1.53902E-1 1.54858E-1 1.59492E-1 1.70314E-1 1.70764E-1 1.71946E-1 1.74445E-1 1.78629E-1 1.83984E-1 2.91024E-1 2.58934E-1 4.47949E-1 1.96657E-1 2.04023E-2 1.74491E-1 1.72013E-1
