현재 지정 모델/accident_14.asc
ncols         20
nrows         20
xllcorner     202043.92331028884
yllcorner     551161.691323056
cellsize      243.329816402587
NODATA_value  -9999
1.08042E-1 1.2059E-1 1.46402E-1 2.28241E-1 2.3425E-1 2.38072E-1 2.42794E-1 2.51068E-1 2.62586E-1 2.74616E-1 2.82521E-1 2.8256E-1 2.74792E-1 2.62948E-1 2.515E-1 2.92543E-1 2.38136E-1 1.28478E-1 1.67426E-1 1.05768E-1
2.08606E-1 2.33043E-1 2.33957E-1 2.35449E-1 2.38014E-1 2.41527E-1 2.49135E-1 2.63208E-1 2.84276E-1 3.08299E-1 3.26251E-1 3.29194E-1 3.15634E-1 2.92712E-1 4.26246E-1 2.14691E-1 1.47538E-1 1.16252E-1 2.33427E-1 1.45207E-1
2.35497E-1 2.37747E-1 2.3938E-1 2.41479E-1 2.44346E-1 2.49174E-1 2.58819E-1 2.77408E-1 3.07551E-1 3.4536E-1 3.77421E-1 3.87256E-1 3.69122E-1 3.33244E-1 3.66489E-1 2.36793E-1 3.56217E-2 2.63339E-2 2.14488E-1 2.32969E-1
2.40603E-1 2.44497E-1 2.49669E-1 2.55927E-1 2.62604E-1 2.69513E-1 2.78997E-1 2.96691E-1 3.28397E-1 3.73061E-1 4.16324E-1 4.35528E-1 3.41262E-1 6.16877E-1 7.20352E-1 2.85897E-1 6.1519E-2 2.02761E-1 2.398E-1 2.35501E-1
2.48828E-1 2.58825E-1 2.72809E-1 2.90316E-1 3.08225E-1 3.21552E-1 3.28656E-1 3.35899E-1 3.54215E-1 3.889E-1 4.30218E-1 5.33838E-1 4.12112E-1 7.91421E-1 5.18617E-1 1.70255E-1 4.74133E-2 2.55882E-1 2.44974E-1 2.39071E-1
2.6123E-1 2.82176E-1 3.13715E-1 3.5626E-1 4.02376E-1 4.00398E-1 3.11542E-1 4.23169E-1 4.06077E-1 2.35047E-1 6.70284E-1 4.46129E-1 2.48072E-1 5.52613E-1 2.51448E-1 9.20547E-1 8.10503E-2 2.67873E-1 2.52599E-1 2.43155E-1
2.74204E-1 3.09384E-1 3.66796E-1 4.50701E-1 5.03731E-1 7.56335E-1 8.12516E-1 6.13069E-1 4.27406E-1 7.02703E-1 7.77724E-1 5.16134E-1 6.38496E-1 3.99354E-1 3.67227E-1 7.53312E-1 7.51617E-4 1.90121E-1 2.6081E-1 2.47892E-1
2.8113E-1 3.27302E-1 4.08222E-1 5.34165E-1 6.00729E-1 7.94911E-1 8.1065E-1 8.24508E-1 4.68633E-1 5.01764E-1 4.2863E-1 7.42914E-1 6.39207E-1 7.63638E-1 6.77972E-1 4.9194E-1 9.56241E-2 8.53459E-2 2.65679E-1 2.51169E-1
2.77596E-1 3.24207E-1 4.10389E-1 5.51945E-1 5.27469E-1 7.01956E-1 6.67747E-1 9.78212E-1 6.27552E-1 8.66448E-1 5.73849E-1 3.77464E-2 4.30339E-1 1.90156E-1 5.67485E-1 3.11096E-1 2.63565E-1 4.85705E-2 2.64136E-1 2.51043E-1
2.65952E-1 3.02313E-1 3.71709E-1 2.68308E-1 4.44782E-1 5.95399E-1 8.55483E-1 7.79402E-1 8.63432E-1 9.15463E-1 6.71886E-1 1.99149E-1 1.80867E-1 1.71792E-1 2.97806E-1 3.44933E-1 3.5486E-1 1.11953E-2 2.09593E-1 2.4767E-1
2.52781E-1 2.75186E-1 6.49423E-1 3.50377E-1 8.81439E-1 9.9956E-1 9.92239E-1 9.99626E-1 8.8104E-1 7.95579E-1 3.60321E-1 9.0331E-1 3.08028E-1 2.92897E-1 2.82316E-1 2.73513E-1 1.34369E-1 4.56044E-1 2.04922E-1 2.43326E-1
2.42993E-1 3.05366E-1 3.72543E-1 2.28842E-1 3.51947E-1 8.91132E-1 4.77771E-1 9.98727E-1 4.31817E-1 3.59636E-1 3.12568E-1 2.2085E-1 2.07901E-1 1.63221E-1 1.56413E-1 1.49985E-1 1.89688E-1 1.38653E-1 2.61221E-1 5.32586E-1
6.09811E-1 2.91441E-1 5.62233E-1 2.88707E-1 4.07071E-1 7.09904E-1 7.31151E-1 2.84415E-1 3.1026E-1 4.59311E-1 5.50329E-1 2.31567E-1 8.01537E-1 7.18311E-1 3.52137E-1 1.901E-1 6.42717E-1 1.95114E-1 2.46296E-1 2.24125E-1
7.16343E-1 1.28754E-1 2.75698E-1 3.15978E-1 2.84468E-2 9.11986E-1 6.69284E-1 4.96002E-1 4.62096E-1 7.01952E-1 5.53293E-1 2.0746E-1 7.62374E-1 4.28616E-1 3.08033E-1 2.2034E-1 3.0179E-1 5.65543E-1 6.01032E-1 2.90592E-1
6.24292E-1 2.63973E-1 7.19426E-1 2.6232E-1 2.29909E-2 8.71801E-1 2.02556E-1 1.68105E-1 2.85464E-1 3.47832E-1 3.17196E-1 3.64479E-1 8.23717E-1 6.18738E-1 2.82387E-1 5.10628E-1 7.51195E-1 3.52847E-1 2.34442E-1 5.05222E-2
9.50011E-2 1.07484E-1 5.85593E-1 5.91366E-1 2.33834E-1 2.3571E-1 2.38034E-1 2.40431E-1 2.24181E-1 4.57961E-1 5.02525E-1 7.82849E-1 5.49165E-1 3.07537E-1 3.10223E-1 1.86904E-1 2.07849E-1 8.93903E-1 2.90675E-1 1.07121E-1
8.95E-2 9.14437E-2 9.62472E-2 1.07019E-1 1.30339E-1 1.86729E-1 2.33308E-1 2.35845E-1 2.39651E-1 1.65882E-1 5.58196E-1 6.75214E-1 5.17293E-1 1.67149E-1 3.28408E-1 3.01613E-1 5.74162E-1 2.92433E-1 1.22165E-1 1.33352E-1
8.86194E-2 8.88851E-2 8.95677E-2 9.11762E-2 9.50578E-2 1.06345E-1 1.49716E-1 2.33384E-1 2.37404E-1 2.42167E-1 2.51075E-1 9.77777E-1 9.25522E-1 8.69253E-1 5.41744E-1 8.10467E-1 7.52643E-1 4.19334E-1 2.14017E-1 2.40704E-1
8.85039E-2 8.8534E-2 8.86209E-2 8.88807E-2 8.98187E-2 9.38538E-2 1.12429E-1 2.11858E-1 2.35161E-1 2.39822E-1 2.46892E-1 2.58322E-1 7.01052E-1 3.53019E-1 1.5982E-1 6.83919E-1 1.4842E-1 1.20163E-1 4.16831E-2 2.39217E-1
8.84917E-2 8.84947E-2 8.85063E-2 8.8563E-2 8.88876E-2 9.06992E-2 9.98291E-2 1.45104E-1 2.3356E-1 2.37787E-1 2.42609E-1 2.50725E-1 2.61181E-1 2.98294E-1 4.19324E-1 5.65302E-1 2.60988E-1 1.60357E-2 2.42698E-1 2.37917E-1
