현재 지정 모델/accident_25.asc
ncols         20
nrows         20
xllcorner     202043.92331028884
yllcorner     551161.691323056
cellsize      243.329816402587
NODATA_value  -9999
1.34569E-1 1.34593E-1 1.34634E-1 1.34732E-1 1.34994E-1 1.35649E-1 1.37043E-1 1.39464E-1 1.42788E-1 1.46208E-1 1.4843E-1 1.48441E-1 1.46258E-1 1.42891E-1 3.92916E-1 1.45245E-1 1.35668E-1 1.19573E-1 1.34663E-1 1.34565E-1
1.34712E-1 1.34811E-1 1.3495E-1 1.35176E-1 1.35632E-1 1.3667E-1 1.38901E-1 1.42966E-1 1.48921E-1 1.5555E-1 1.6041E-1 1.612E-1 1.57544E-1 1.51267E-1 6.79302E-1 4.27586E-1 1.26112E-1 1.28248E-1 1.34869E-1 1.34632E-1
1.35183E-1 1.35553E-1 1.36036E-1 1.36656E-1 1.37499E-1 1.38912E-1 1.41706E-1 1.46995E-1 1.55345E-1 1.65511E-1 1.73937E-1 1.76495E-1 1.71769E-1 1.62285E-1 6.12076E-1 1.67571E-1 2.4401E-1 9.35755E-2 1.32613E-1 1.348E-1
1.36398E-1 1.37544E-1 1.39056E-1 1.40872E-1 1.42793E-1 1.44763E-1 1.47442E-1 1.52366E-1 1.60986E-1 1.72799E-1 1.84003E-1 1.88934E-1 2.31361E-1 6.41196E-1 5.43365E-1 1.49373E-1 8.9112E-2 1.35149E-1 1.36161E-1 1.35184E-1
1.38811E-1 1.41708E-1 1.45698E-1 1.50602E-1 1.55529E-1 1.59145E-1 1.61056E-1 1.62994E-1 1.67853E-1 1.76921E-1 1.87572E-1 2.59532E-1 1.66406E-1 8.21821E-1 4.54359E-1 4.03748E-1 1.13157E-1 1.40859E-1 1.37684E-1 1.35945E-1
1.42399E-1 1.48334E-1 1.57024E-1 1.68392E-1 1.80409E-1 1.85192E-1 1.75889E-1 1.85763E-1 1.81364E-1 1.81762E-1 8.21409E-1 1.91649E-1 3.75836E-1 4.77926E-1 4.5834E-1 9.65618E-1 1.451E-1 1.44297E-1 1.39908E-1 1.3715E-1
1.46092E-1 1.55845E-1 1.7116E-1 1.9282E-1 2.31691E-1 7.93266E-1 2.3558E-1 2.53645E-1 1.91403E-1 2.9488E-1 9.18734E-1 3.72323E-1 8.85815E-1 1.79628E-1 1.71273E-1 6.6477E-1 1.4246E-1 1.36242E-1 1.42278E-1 1.38538E-1
1.48041E-1 1.60692E-1 1.81917E-1 2.14262E-1 5.93119E-1 4.41737E-1 2.80731E-1 2.73292E-1 3.60749E-1 2.05901E-1 1.87165E-1 8.4483E-1 5.90269E-1 6.06256E-1 8.00914E-1 1.50246E-1 1.80549E-1 1.17111E-1 1.43672E-1 1.39493E-1
1.47048E-1 1.5986E-1 1.82475E-1 5.59602E-1 5.3889E-1 9.16802E-1 7.87859E-1 5.55194E-1 2.40465E-1 8.10196E-1 1.82472E-1 4.92857E-1 2.70845E-1 1.63497E-1 5.53896E-1 4.31209E-1 1.49508E-1 1.4037E-1 1.43231E-1 1.39456E-1
1.4375E-1 1.53912E-1 1.72446E-1 1.76975E-1 5.52596E-1 7.05884E-1 3.12888E-1 6.29856E-1 2.57183E-1 6.61173E-1 6.63954E-1 1.55946E-1 1.59497E-1 1.55502E-1 1.52673E-1 1.58917E-1 7.60467E-1 7.95044E-2 1.47786E-1 1.38473E-1
1.39961E-1 1.46369E-1 9.15245E-1 5.52882E-1 7.29338E-1 9.7927E-1 5.44872E-1 9.94864E-1 7.60166E-1 8.59622E-1 1.51195E-1 7.87617E-1 1.55476E-1 1.51318E-1 1.48373E-1 1.45897E-1 4.00772E-1 5.60152E-1 1.28735E-1 1.372E-1
3.64489E-1 1.48647E-1 2.58425E-1 1.57046E-1 7.21867E-1 7.81692E-1 5.22744E-1 9.99599E-1 6.09104E-1 1.90582E-1 1.64381E-1 1.9622E-1 1.5308E-1 1.5164E-1 1.48507E-1 1.4549E-1 3.75011E-1 3.9393E-1 1.24912E-1 2.31267E-1
5.43925E-1 3.82093E-1 5.8519E-1 4.45345E-1 6.96104E-1 8.38009E-1 7.37725E-1 5.89809E-1 1.75906E-1 4.34612E-1 6.08478E-1 1.57998E-1 6.27482E-1 5.88604E-1 1.60757E-1 1.57061E-1 7.8472E-1 4.6964E-1 1.38071E-1 2.10506E-1
9.88273E-1 1.25938E-1 5.71865E-1 3.88762E-1 9.15195E-2 9.29893E-1 5.7238E-1 2.98476E-1 9.00231E-1 5.84315E-1 2.72209E-1 4.47458E-1 8.62099E-1 4.98046E-1 1.55477E-1 5.89109E-1 1.55269E-1 5.90911E-1 6.98106E-1 1.34784E-1
4.60678E-1 1.42705E-1 5.63336E-1 3.56569E-1 5.21015E-1 9.49775E-1 1.27974E-1 1.3765E-1 6.47291E-1 5.5987E-1 5.70061E-1 6.14256E-1 8.2745E-1 3.8678E-1 1.55991E-1 2.34257E-1 9.0697E-1 6.04247E-1 5.74355E-1 1.37482E-1
1.34542E-1 1.34568E-1 3.57883E-1 2.7254E-1 1.34931E-1 1.35215E-1 1.35638E-1 1.26939E-1 1.19277E-1 7.02857E-1 2.56438E-1 3.91745E-1 6.66983E-1 4.29035E-1 4.59E-1 3.97304E-1 1.49558E-1 9.53506E-1 5.24186E-1 1.50677E-1
1.3453E-1 1.34535E-1 1.34545E-1 1.34567E-1 1.34609E-1 1.34687E-1 1.34851E-1 1.35235E-1 1.36116E-1 1.1842E-1 6.59734E-1 4.34845E-1 8.15848E-1 4.24714E-1 4.45057E-1 7.74135E-1 1.44301E-1 3.74548E-1 1.51515E-1 1.12863E-1
1.34528E-1 1.34529E-1 1.3453E-1 1.34534E-1 1.34543E-1 1.34566E-1 1.34639E-1 1.34863E-1 1.3547E-1 1.36859E-1 3.69825E-1 9.95821E-1 7.83603E-1 9.52103E-1 5.85399E-1 7.64745E-1 6.0128E-1 2.53386E-1 1.75093E-1 1.36428E-1
1.34528E-1 1.34528E-1 1.34528E-1 1.34529E-1 1.34531E-1 1.3454E-1 1.34578E-1 1.34715E-1 1.35132E-1 1.36167E-1 1.38246E-1 1.41563E-1 8.54772E-1 2.79848E-1 1.50082E-1 7.95825E-1 1.44747E-1 1.74778E-1 1.0651E-1 1.35988E-1
1.34528E-1 1.34528E-1 1.34528E-1 1.34528E-1 1.34529E-1 1.34533E-1 1.34553E-1 1.34632E-1 1.34889E-1 1.35565E-1 1.36989E-1 1.39364E-1 1.42385E-1 1.33256E-1 4.08055E-1 8.36271E-1 3.7625E-1 8.95585E-2 1.37015E-1 1.35603E-1
