현재 지정 모델/accident_28.asc
ncols         20
nrows         20
xllcorner     202043.92331028884
yllcorner     551161.691323056
cellsize      243.329816402587
NODATA_value  -9999
1.22671E-1 1.22825E-1 1.231E-1 1.23753E-1 1.2551E-1 1.29993E-1 1.39957E-1 1.58672E-1 1.87462E-1 2.21007E-1 2.44996E-1 2.45116E-1 2.21524E-1 1.8842E-1 1.59695E-1 1.94082E-1 1.30124E-1 7.04339E-2 1.23294E-1 1.22641E-1
1.23618E-1 1.24278E-1 1.25211E-1 1.2674E-1 1.29874E-1 1.37231E-1 1.54155E-1 1.89109E-1 2.50529E-1 3.336E-1 4.03768E-1 4.15832E-1 3.61514E-1 2.78166E-1 2.27636E-1 2.02638E-1 1.00435E-1 6.66198E-2 1.2467E-1 1.23089E-1
1.26789E-1 1.29325E-1 1.32701E-1 1.37129E-1 1.43344E-1 1.54246E-1 1.77691E-1 2.29304E-1 3.30816E-1 4.64423E-1 4.91576E-1 4.99728E-1 4.84635E-1 4.32651E-1 6.61327E-1 3.62266E-1 1.28334E-2 1.17289E-2 1.16105E-1 1.24204E-1
1.3527E-1 1.43678E-1 1.55393E-1 1.70424E-1 1.8751E-1 2.06342E-1 2.34111E-1 2.91792E-1 4.12551E-1 4.87937E-1 5.23383E-1 5.38678E-1 4.68445E-1 9.30124E-1 7.54112E-1 2.55707E-1 1.51042E-2 1.4221E-1 1.3358E-1 1.26794E-1
1.53446E-1 1.77707E-1 2.15739E-1 2.70144E-1 3.33324E-1 3.84814E-1 4.13618E-1 4.43809E-1 4.72015E-1 5.01084E-1 5.34474E-1 6.36963E-1 3.73578E-1 4.71932E-1 6.8521E-1 1.55672E-1 4.45458E-2 1.70314E-1 1.4473E-1 1.32058E-1
1.83905E-1 2.43916E-1 3.54105E-1 4.73758E-1 5.12112E-1 5.02806E-1 4.06789E-1 5.28864E-1 5.15117E-1 3.35188E-1 5.20169E-1 5.47018E-1 6.3738E-2 5.85113E-1 3.33126E-1 9.91848E-1 1.37849E-1 2.01764E-1 1.62314E-1 1.4074E-1
2.19801E-1 3.37658E-1 4.82678E-1 5.50592E-1 5.90811E-1 4.69475E-1 8.02432E-1 7.41732E-1 3.83508E-1 3.26913E-1 4.17978E-1 8.78455E-1 9.99054E-1 5.09651E-1 4.83041E-1 4.37533E-1 1.03159E-3 1.64313E-1 1.82812E-1 1.51297E-1
2.40663E-1 4.08062E-1 5.16853E-1 6.13838E-1 4.98821E-1 7.68048E-1 7.26461E-1 7.99826E-1 7.91442E-1 5.89702E-1 5.33213E-1 6.76349E-1 7.82745E-1 9.77992E-1 5.09163E-1 5.31023E-1 1.80479E-1 8.293E-2 1.95745E-1 1.5891E-1
2.29869E-1 3.95476E-1 5.18605E-1 6.26892E-1 2.93608E-1 5.47196E-1 9.23263E-1 8.66645E-1 4.83508E-1 9.00431E-1 6.00457E-1 2.49925E-2 8.66021E-1 2.86676E-1 6.88525E-1 3.44116E-1 2.47611E-1 1.07619E-1 1.91583E-1 1.58614E-1
1.96489E-1 3.11664E-1 4.86804E-1 2.51982E-1 6.5519E-1 7.71653E-1 9.3367E-1 5.96555E-1 9.06028E-1 9.27203E-1 2.86986E-1 2.40336E-1 2.42584E-1 2.03511E-1 2.95675E-1 3.54049E-1 4.649E-1 8.52791E-3 1.45976E-1 1.50791E-1
1.62751E-1 2.22687E-1 6.87619E-1 7.00362E-1 8.41781E-1 6.05749E-1 9.20802E-1 9.57895E-1 7.60667E-1 6.8542E-1 3.12858E-1 8.33858E-1 3.32588E-1 2.78793E-1 2.44353E-1 2.17784E-1 1.21063E-1 5.31514E-1 8.75748E-2 1.41112E-1
1.09948E-1 2.27874E-1 1.23918E-1 3.42957E-1 7.3983E-1 9.89933E-1 5.71503E-1 9.83976E-1 2.31436E-1 4.76284E-1 3.96409E-1 5.46191E-1 2.17464E-1 1.70363E-1 1.46643E-1 1.26337E-1 1.08155E-1 9.53169E-2 1.18037E-1 1.52176E-1
6.32474E-1 1.50855E-1 1.40633E-1 2.51044E-1 2.02943E-1 2.49056E-1 9.95802E-1 3.00349E-1 4.33235E-1 4.91648E-1 8.60981E-1 3.56263E-1 4.26452E-1 8.96744E-1 3.80312E-1 2.00609E-1 1.98356E-1 4.87601E-2 1.4768E-1 2.02105E-1
3.88471E-2 5.72803E-2 4.09672E-1 2.35903E-1 2.14254E-2 6.47143E-1 8.29395E-1 4.39865E-1 2.40391E-1 2.3356E-1 2.58873E-1 2.87657E-1 9.1111E-1 5.56691E-1 3.32608E-1 5.76721E-1 2.35264E-1 1.98162E-1 6.98232E-1 1.49165E-1
4.52805E-1 1.71387E-1 1.47473E-1 1.09762E-1 2.04995E-2 7.71383E-2 8.3819E-2 1.01392E-1 9.76244E-2 3.02127E-1 5.10314E-2 1.23513E-1 3.57991E-1 5.33836E-1 2.63458E-1 1.27027E-1 7.0431E-1 1.98535E-2 2.43661E-1 5.87147E-2
1.22492E-1 1.22664E-1 3.81807E-1 3.48198E-1 1.25085E-1 1.27009E-1 1.29914E-1 1.05581E-1 8.83596E-2 3.98808E-2 1.65536E-1 5.9631E-1 5.42782E-1 3.30766E-1 4.65293E-1 1.62449E-1 2.4889E-1 6.73054E-1 2.85995E-1 1.44044E-1
1.2241E-1 1.2244E-1 1.2251E-1 1.22658E-1 1.22935E-1 1.23454E-1 1.24549E-1 1.27147E-1 1.33266E-1 7.81586E-2 3.31595E-1 6.71584E-1 4.81546E-1 1.85101E-1 3.1949E-1 2.17003E-1 4.57945E-1 1.66611E-1 9.84307E-2 6.08767E-2
1.22396E-1 1.224E-1 1.22411E-1 1.22436E-1 1.22493E-1 1.22649E-1 1.23133E-1 1.24626E-1 1.28757E-1 1.38603E-1 1.24574E-1 3.50264E-1 7.24824E-1 9.83156E-1 7.91576E-1 4.57986E-1 2.82702E-1 1.68272E-1 2.3029E-1 1.35483E-1
1.22395E-1 1.22395E-1 1.22396E-1 1.224E-1 1.22415E-1 1.22476E-1 1.22727E-1 1.23641E-1 1.26444E-1 1.33624E-1 1.49024E-1 1.76428E-1 2.97571E-1 8.3295E-1 1.58226E-1 4.52106E-1 1.21698E-1 1.33064E-1 2.82642E-2 1.3236E-1
1.22394E-1 1.22394E-1 1.22395E-1 1.22395E-1 1.224E-1 1.22428E-1 1.22561E-1 1.23088E-1 1.24805E-1 1.29407E-1 1.39555E-1 1.57863E-1 1.83777E-1 1.79739E-1 3.65016E-1 1.68181E-1 1.44339E-1 1.25162E-2 1.39748E-1 1.29674E-1
