현재 지정 모델/accident_18.asc
ncols         20
nrows         20
xllcorner     202043.92331028884
yllcorner     551161.691323056
cellsize      243.329816402587
NODATA_value  -9999
7.73084E-2 7.84087E-2 8.04096E-2 8.53338E-2 9.58743E-2 1.21383E-1 1.23693E-1 1.27036E-1 1.31676E-1 1.36505E-1 1.39672E-1 1.39687E-1 1.36576E-1 1.31821E-1 2.73764E-1 1.98817E-1 1.21806E-1 6.75847E-2 8.18428E-2 7.7098E-2
8.42913E-2 8.9483E-2 9.43417E-2 1.024E-1 1.20641E-1 1.2318E-1 1.26256E-1 1.31926E-1 1.40374E-1 1.49972E-1 1.57134E-1 1.58308E-1 1.52898E-1 1.43748E-1 6.33449E-1 3.59543E-1 1.36983E-1 8.30797E-2 9.16176E-2 8.03235E-2
1.02666E-1 1.17273E-1 1.2231E-1 1.2316E-1 1.24321E-1 1.26272E-1 1.3016E-1 1.37624E-1 1.49673E-1 1.64761E-1 1.77596E-1 1.81549E-1 1.74267E-1 1.59924E-1 3.96356E-1 8.54033E-2 8.90002E-2 3.70579E-2 1.01483E-1 8.8883E-2
1.22806E-1 1.24382E-1 1.26472E-1 1.28996E-1 1.31683E-1 1.34458E-1 1.38261E-1 1.45338E-1 1.5799E-1 1.75846E-1 1.93299E-1 2.0113E-1 1.22734E-1 4.95013E-1 7.13512E-1 1.41023E-1 7.58247E-2 1.63015E-1 1.2248E-1 1.0269E-1
1.26132E-1 1.30163E-1 1.35781E-1 1.4279E-1 1.49942E-1 1.55259E-1 1.58094E-1 1.60984E-1 1.683E-1 1.82211E-1 1.98959E-1 2.42991E-1 1.71306E-1 8.56046E-1 3.86742E-1 1.70744E-1 5.62449E-2 1.28978E-1 1.24575E-1 1.22185E-1
1.3113E-1 1.39534E-1 1.52133E-1 1.69117E-1 1.87648E-1 1.90765E-1 1.64618E-1 1.96084E-1 1.89145E-1 1.08442E-1 5.43523E-1 2.05481E-1 3.90884E-1 6.83329E-1 3.09146E-1 9.98169E-1 1.30469E-1 1.338E-1 1.27654E-1 1.23839E-1
1.3634E-1 1.50405E-1 1.73335E-1 2.07364E-1 2.48628E-1 7.64371E-1 4.11327E-1 4.00123E-1 1.92198E-1 3.57821E-1 7.64286E-1 1.90974E-1 8.19594E-1 1.86427E-1 1.73507E-1 8.91236E-1 1.30411E-2 1.11386E-1 1.30961E-1 1.25754E-1
1.39115E-1 1.57553E-1 1.90013E-1 2.42667E-1 5.15468E-1 3.86428E-1 3.64482E-1 4.82987E-1 1.94703E-1 2.28726E-1 1.9831E-1 7.21268E-1 5.59443E-1 7.03404E-1 7.75627E-1 1.63061E-1 1.16464E-1 7.25929E-2 1.32919E-1 1.27077E-1
1.377E-1 1.56318E-1 1.90891E-1 4.9228E-1 7.44311E-1 8.169E-1 7.9665E-1 7.28528E-1 3.87212E-1 7.89084E-1 3.99939E-1 1.77496E-1 2.21577E-1 9.17467E-2 4.18389E-1 3.19612E-1 1.6844E-1 6.20761E-2 1.32299E-1 1.27027E-1
1.33029E-1 1.47583E-1 1.75304E-1 1.07342E-1 6.36694E-1 5.66262E-1 5.52725E-1 7.66818E-1 3.52774E-1 8.69442E-1 7.7075E-1 8.65437E-2 8.82326E-2 8.47742E-2 1.45783E-1 2.26629E-1 6.55677E-1 2.3813E-2 1.22696E-1 1.25665E-1
1.27728E-1 1.36734E-1 6.71946E-1 4.85988E-1 5.27288E-1 9.99734E-1 6.63168E-1 9.94527E-1 6.14651E-1 7.6758E-1 2.20479E-1 9.04029E-1 1.49864E-1 1.43822E-1 1.3959E-1 1.36063E-1 2.03527E-1 3.86613E-1 1.04989E-1 1.23908E-1
2.452E-1 2.05656E-1 2.49132E-1 1.10499E-1 3.95292E-1 8.83574E-1 4.40066E-1 9.97137E-1 8.09378E-1 1.85231E-1 1.45472E-1 1.44155E-1 1.25449E-1 8.14821E-2 7.88471E-2 7.63415E-2 1.55477E-1 1.6085E-1 1.59097E-1 2.55009E-1
3.89138E-1 3.75221E-1 6.18834E-1 4.31423E-1 5.95314E-1 5.84808E-1 6.98214E-1 3.39531E-1 1.63984E-1 6.10739E-1 4.49655E-1 1.11541E-1 7.58622E-1 7.05381E-1 2.30434E-1 1.28457E-1 9.48339E-1 4.49936E-1 1.25109E-1 9.22271E-2
9.60632E-1 5.39625E-2 2.91982E-1 3.34644E-1 3.95851E-2 7.54781E-1 4.43763E-1 1.49566E-1 7.03775E-1 7.01787E-1 3.09885E-1 3.52046E-1 7.20178E-1 6.6451E-1 1.49866E-1 4.40104E-1 2.02402E-1 7.96065E-1 6.12456E-1 1.80905E-1
4.0578E-1 1.38138E-1 7.3228E-1 3.22213E-1 2.95701E-1 8.6163E-1 1.04039E-1 1.06531E-1 2.97877E-1 4.87696E-1 5.71291E-1 4.74748E-1 8.78237E-1 2.86693E-1 1.38656E-1 3.57304E-1 9.34542E-1 5.45639E-1 3.03061E-1 5.9318E-2
7.60484E-2 7.72571E-2 3.59488E-1 2.30697E-1 9.37013E-2 1.0387E-1 1.2089E-1 1.1182E-1 1.03324E-1 5.60912E-1 2.83745E-1 4.08491E-1 6.98471E-1 3.16933E-1 2.93797E-1 2.4545E-1 1.02418E-1 8.81415E-1 3.03458E-1 1.23104E-1
7.54737E-2 7.568E-2 7.61747E-2 7.72142E-2 7.92012E-2 8.30411E-2 9.10143E-2 1.04633E-1 1.2242E-1 9.12697E-2 8.26953E-1 2.49703E-1 4.31535E-1 1.84288E-1 4.3644E-1 2.86081E-1 3.26307E-1 3.68881E-1 1.04797E-1 8.07312E-2
7.5379E-2 7.54077E-2 7.54809E-2 7.56518E-2 7.60541E-2 7.71517E-2 8.06458E-2 9.13981E-2 1.13863E-1 1.23439E-1 2.51177E-1 9.85366E-1 7.21306E-1 7.49418E-1 4.08093E-1 6.83956E-1 7.2087E-1 2.25057E-1 1.57264E-1 1.22847E-1
7.53665E-2 7.53698E-2 7.53792E-2 7.54072E-2 7.55078E-2 7.59308E-2 7.77043E-2 8.44688E-2 1.00798E-1 1.22489E-1 1.2535E-1 1.2996E-1 6.54174E-1 1.87281E-1 8.01681E-2 8.96107E-1 7.57289E-2 6.21238E-2 5.11767E-2 1.22244E-1
7.53652E-2 7.53655E-2 7.53668E-2 7.53729E-2 7.54079E-2 7.56014E-2 7.65305E-2 8.0316E-2 9.22909E-2 1.17769E-1 1.23618E-1 1.26898E-1 1.31111E-1 1.80638E-1 3.25008E-1 5.66374E-1 2.58452E-1 3.11831E-2 1.23654E-1 1.19407E-1
