현재 지정 모델/accident_23.asc
ncols         20
nrows         20
xllcorner     202043.92331028884
yllcorner     551161.691323056
cellsize      243.329816402587
NODATA_value  -9999
1.23024E-1 1.24264E-1 1.26506E-1 1.31955E-1 1.33952E-1 1.38501E-1 1.48584E-1 1.67426E-1 1.96198E-1 2.19095E-1 2.28141E-1 2.28185E-1 2.19295E-1 1.97151E-1 2.26605E-1 1.55932E-1 1.38635E-1 1.15344E-1 1.28102E-1 1.22786E-1
1.3081E-1 1.32701E-1 1.33649E-1 1.35202E-1 1.3838E-1 1.4583E-1 1.62889E-1 1.97837E-1 2.30164E-1 2.58354E-1 2.80007E-1 2.83603E-1 2.67143E-1 2.39957E-1 6.84725E-1 4.1823E-1 1.30838E-1 9.66737E-2 1.331E-1 1.2641E-1
1.35251E-1 1.37824E-1 1.41245E-1 1.45726E-1 1.52002E-1 1.6298E-1 1.8646E-1 2.22278E-1 2.57463E-1 3.03568E-1 3.44181E-1 3.56887E-1 3.33546E-1 2.8857E-1 3.91241E-1 3.59312E-1 1.97545E-1 7.60143E-2 1.328E-1 1.32626E-1
1.43846E-1 1.5234E-1 1.64134E-1 1.792E-1 1.96246E-1 2.13314E-1 2.24095E-1 2.44617E-1 2.82628E-1 3.38583E-1 3.95046E-1 4.20698E-1 4.91436E-1 5.13917E-1 6.72273E-1 2.32036E-1 1.47937E-1 1.49544E-1 1.42135E-1 1.35256E-1
1.62177E-1 1.86476E-1 2.17042E-1 2.37164E-1 2.58266E-1 2.74293E-1 2.82945E-1 2.9184E-1 3.14655E-1 3.59022E-1 4.13573E-1 3.82823E-1 5.08606E-1 6.44319E-1 7.7666E-1 4.56492E-1 1.22593E-1 1.79089E-1 1.53401E-1 1.40594E-1
1.92656E-1 2.27744E-1 2.64836E-1 3.1723E-1 3.76629E-1 4.11891E-1 3.94353E-1 4.04153E-1 3.81498E-1 4.36416E-1 5.00513E-1 4.3499E-1 4.65005E-1 7.71691E-1 7.93814E-1 6.43814E-1 1.91066E-1 2.10407E-1 1.71079E-1 1.49375E-1
2.18627E-1 2.59649E-1 3.3058E-1 4.4118E-1 4.97556E-1 7.55093E-1 7.69022E-1 5.56525E-1 5.15446E-1 5.11366E-1 3.29945E-1 4.02193E-1 8.704E-1 3.72664E-1 3.31129E-1 7.42917E-1 1.50232E-1 2.04735E-1 1.91567E-1 1.60015E-1
2.26541E-1 2.8129E-1 3.84325E-1 5.56101E-1 8.64716E-1 9.04793E-1 9.47659E-1 9.1387E-1 7.74728E-1 5.11166E-1 4.11448E-1 9.12852E-1 7.30406E-1 8.47964E-1 7.57853E-1 3.91095E-1 1.52265E-1 1.74174E-1 2.04434E-1 1.67665E-1
2.22493E-1 2.77518E-1 3.87187E-1 7.02145E-1 9.01869E-1 9.46246E-1 8.32044E-1 8.24617E-1 7.61562E-1 8.51042E-1 5.23602E-1 3.66186E-1 3.77957E-1 3.38318E-1 3.55649E-1 3.44687E-1 3.89787E-1 2.61641E-1 2.00298E-1 1.67368E-1
2.05172E-1 2.51244E-1 3.36851E-1 6.39138E-1 8.15878E-1 9.99577E-1 7.79403E-1 9.97413E-1 8.24046E-1 8.79604E-1 6.72846E-1 4.26263E-1 3.17947E-1 2.98098E-1 2.45927E-1 2.45042E-1 3.72122E-1 1.05881E-1 1.46151E-1 1.59506E-1
1.71518E-1 2.19745E-1 6.48194E-1 7.56083E-1 6.60302E-1 9.83343E-1 8.42166E-1 9.99651E-1 9.58673E-1 6.57875E-1 3.97165E-1 4.88169E-1 2.58031E-1 2.40173E-1 2.27905E-1 2.17842E-1 4.41175E-1 2.95597E-1 1.65589E-1 1.4975E-1
2.8968E-1 1.82557E-1 3.21829E-1 3.51344E-1 4.2995E-1 9.32532E-1 7.83877E-1 9.93525E-1 6.23126E-1 3.09329E-1 4.28187E-1 4.20082E-1 3.70109E-1 2.79431E-1 2.64678E-1 2.50825E-1 3.47837E-1 3.83149E-1 2.50927E-1 1.56255E-1
3.45682E-1 2.98071E-1 3.5353E-1 4.46334E-1 3.39737E-1 7.64473E-1 8.68105E-1 3.14838E-1 2.50396E-1 4.82819E-1 3.70315E-1 3.56582E-1 8.63667E-1 7.83354E-1 2.5265E-1 2.74863E-1 6.36135E-1 2.38618E-1 1.56374E-1 1.72029E-1
1.19106E-1 1.951E-1 4.28031E-1 2.42128E-1 1.04033E-1 3.83763E-1 3.39994E-1 3.25733E-1 6.11915E-1 6.09544E-1 2.47082E-1 7.43895E-1 7.08533E-1 3.72613E-1 2.58037E-1 4.93603E-1 2.35606E-1 6.23544E-1 1.96895E-1 1.86861E-1
1.36267E-1 1.37353E-1 2.51468E-1 2.79607E-1 1.04591E-1 1.71215E-1 1.59083E-1 2.49267E-1 3.67355E-1 1.98523E-1 3.77962E-1 6.04353E-1 5.35543E-1 3.61322E-1 2.66165E-1 3.17341E-1 8.12201E-1 3.92381E-1 4.58363E-1 1.88555E-1
1.21597E-1 1.22966E-1 1.66224E-1 1.8362E-1 1.33521E-1 1.35474E-1 1.38421E-1 1.76445E-1 1.88082E-1 2.47183E-1 2.01915E-1 2.30565E-1 8.00791E-1 3.39426E-1 5.77338E-1 5.33569E-1 3.1112E-1 5.62109E-1 6.1502E-1 1.35091E-1
1.20944E-1 1.21178E-1 1.2174E-1 1.22917E-1 1.25154E-1 1.2943E-1 1.32976E-1 1.35614E-1 1.41817E-1 1.73116E-1 5.47021E-1 3.77231E-1 8.20974E-1 3.7695E-1 4.87191E-1 2.95348E-1 3.47437E-1 3.95953E-1 1.60051E-1 1.56962E-1
1.20836E-1 1.20869E-1 1.20952E-1 1.21146E-1 1.21603E-1 1.22847E-1 1.2677E-1 1.33055E-1 1.37248E-1 1.47216E-1 3.21882E-1 5.71917E-1 6.2933E-1 6.38501E-1 7.16945E-1 3.0608E-1 4.82108E-1 3.69195E-1 1.66416E-1 1.44061E-1
1.20822E-1 1.20826E-1 1.20836E-1 1.20868E-1 1.20983E-1 1.21463E-1 1.23471E-1 1.31005E-1 1.34901E-1 1.4218E-1 1.57727E-1 1.85199E-1 2.62547E-1 3.61934E-1 2.72052E-1 6.08292E-1 2.47467E-1 2.16228E-1 8.48366E-2 1.409E-1
1.2082E-1 1.20821E-1 1.20822E-1 1.20829E-1 1.20869E-1 1.21089E-1 1.22144E-1 1.26402E-1 1.33237E-1 1.37907E-1 1.48178E-1 1.66614E-1 1.92528E-1 2.71902E-1 3.90503E-1 5.66027E-1 3.10856E-1 7.3125E-2 1.48373E-1 1.38178E-1
