현재 지정 모델/accident_16.asc
ncols         20
nrows         20
xllcorner     202043.92331028884
yllcorner     551161.691323056
cellsize      243.329816402587
NODATA_value  -9999
1.69052E-1 1.73977E-1 1.76135E-1 1.79178E-1 1.87524E-1 2.05401E-1 2.09278E-1 2.1607E-1 2.25523E-1 2.35395E-1 2.41883E-1 2.41915E-1 2.3554E-1 2.25821E-1 2.47006E-1 3.13432E-1 2.05453E-1 7.48695E-2 1.77034E-1 1.68117E-1
1.78544E-1 1.8165E-1 1.86089E-1 1.93504E-1 2.05353E-1 2.08237E-1 2.14484E-1 2.26034E-1 2.43324E-1 2.6305E-1 2.77809E-1 2.80231E-1 2.69078E-1 2.50248E-1 6.7167E-1 1.73191E-1 1.20056E-1 6.08353E-2 1.83507E-1 1.7608E-1
1.93743E-1 2.05134E-1 2.06475E-1 2.08198E-1 2.10552E-1 2.14516E-1 2.22432E-1 2.37687E-1 2.62435E-1 2.93545E-1 3.20028E-1 3.28176E-1 3.13162E-1 2.83565E-1 5.32999E-1 1.53651E-1 2.47986E-2 1.08947E-2 1.30224E-1 1.81297E-1
2.07479E-1 2.10677E-1 2.14922E-1 2.20058E-1 2.25538E-1 2.31208E-1 2.38991E-1 2.53516E-1 2.79575E-1 3.16419E-1 3.52343E-1 3.68387E-1 3.10457E-1 6.8533E-1 6.46011E-1 2.44654E-1 2.81502E-2 1.62671E-1 2.0682E-1 1.93765E-1
2.14232E-1 2.22437E-1 2.33912E-1 2.48282E-1 2.62989E-1 2.73944E-1 2.79789E-1 2.85751E-1 3.00849E-1 3.2954E-1 3.63944E-1 3.84624E-1 3.20435E-1 8.49174E-1 4.61017E-1 1.81799E-1 2.58188E-2 2.20022E-1 2.11068E-1 2.06221E-1
2.24411E-1 2.416E-1 2.67501E-1 3.02536E-1 3.4073E-1 2.5213E-1 1.94516E-1 3.58054E-1 3.43809E-1 2.20748E-1 4.44542E-1 3.77275E-1 2.29498E-1 7.19996E-1 4.04722E-1 9.98327E-1 8.89609E-2 2.29862E-1 2.17327E-1 2.09575E-1
2.35058E-1 2.63941E-1 3.11238E-1 3.81115E-1 3.63312E-1 5.92967E-1 5.18598E-1 5.42902E-1 2.8011E-1 5.779E-1 5.0521E-1 4.63823E-1 8.87923E-1 3.38218E-1 3.11595E-1 9.18616E-1 8.49304E-4 1.19337E-1 2.24066E-1 2.13464E-1
2.40741E-1 2.78674E-1 3.45593E-1 4.52122E-1 4.55724E-1 3.3202E-1 7.06528E-1 8.0581E-1 3.85068E-1 4.24332E-1 3.62617E-1 9.4475E-1 5.74675E-1 8.52354E-1 7.46253E-1 2.72777E-1 5.84405E-2 5.51996E-2 2.28061E-1 2.16153E-1
2.37841E-1 2.76128E-1 3.47398E-1 5.19566E-1 4.51461E-1 6.39327E-1 7.13789E-1 8.74451E-1 4.80491E-1 4.62008E-1 6.11873E-1 4.22106E-2 5.486E-1 1.80934E-1 3.13987E-1 3.01411E-1 1.92509E-1 5.01015E-2 2.26795E-1 2.1605E-1
2.28286E-1 2.58133E-1 3.15301E-1 2.28268E-1 3.15375E-1 7.15551E-1 7.53741E-1 8.22414E-1 5.92585E-1 8.17839E-1 7.16839E-1 1.83568E-1 1.72643E-1 1.64524E-1 2.54431E-1 3.64508E-1 4.89592E-1 6.4246E-3 1.08283E-1 2.13281E-1
2.17477E-1 2.35864E-1 7.71166E-1 5.27071E-1 6.4805E-1 9.97886E-1 9.78527E-1 9.86537E-1 6.1911E-1 6.9013E-1 3.19328E-1 8.6477E-1 2.62827E-1 2.50401E-1 2.41715E-1 2.34491E-1 1.7004E-1 5.30972E-1 1.33831E-1 2.09715E-1
2.5117E-1 3.26002E-1 4.21266E-1 1.67642E-1 2.62749E-1 9.87986E-1 5.34605E-1 9.99984E-1 5.36052E-1 2.56419E-1 1.80853E-1 2.8175E-1 2.42071E-1 1.56835E-1 1.50712E-1 1.44917E-1 9.85167E-2 1.8574E-1 1.95266E-1 2.33365E-1
5.5405E-1 3.69273E-1 4.14035E-1 3.92263E-1 1.49972E-1 7.14182E-1 7.89844E-1 1.37273E-1 2.21211E-1 5.559E-1 5.90497E-1 1.69576E-1 8.22975E-1 7.90458E-1 3.71478E-1 2.29477E-1 8.70453E-1 1.7936E-1 2.12153E-1 2.04195E-1
3.85364E-1 1.1764E-1 4.44666E-1 2.41442E-1 1.95568E-2 6.5141E-1 5.22502E-1 1.34776E-1 5.40768E-1 6.10004E-1 4.80271E-1 3.5956E-1 6.87654E-1 5.19858E-1 2.62831E-1 4.05195E-1 2.64098E-1 6.99527E-1 6.57926E-1 3.03367E-1
7.93589E-1 2.70357E-1 5.63712E-1 3.14872E-1 5.00904E-2 6.69125E-1 1.32327E-1 1.99447E-1 1.33571E-1 2.95132E-1 4.058E-1 5.05373E-1 7.93386E-1 4.38269E-1 1.95868E-1 3.61979E-1 6.77577E-1 3.77507E-1 3.29264E-1 4.12329E-2
1.63485E-1 1.68824E-1 7.95138E-1 3.2367E-1 1.85486E-1 1.94823E-1 2.05369E-1 2.01511E-1 1.76505E-1 2.08846E-1 4.35968E-1 7.65818E-1 4.68894E-1 2.98175E-1 3.36675E-1 2.5407E-1 1.52755E-1 7.31699E-1 5.33739E-1 7.86619E-2
1.60973E-1 1.61873E-1 1.64039E-1 1.68633E-1 1.75368E-1 1.77777E-1 1.8293E-1 1.95504E-1 2.06697E-1 1.01442E-1 7.77248E-1 4.66073E-1 7.33056E-1 1.83978E-1 3.80831E-1 2.08191E-1 4.39683E-1 3.4959E-1 9.05797E-2 8.21233E-2
1.6056E-1 1.60685E-1 1.61004E-1 1.6175E-1 1.6351E-1 1.68355E-1 1.76283E-1 1.83298E-1 2.03543E-1 2.08763E-1 2.58897E-1 9.9138E-1 8.84136E-1 9.05835E-1 6.11027E-1 5.22078E-1 6.3168E-1 2.94407E-1 1.98931E-1 2.07562E-1
1.60506E-1 1.6052E-1 1.60561E-1 1.60683E-1 1.61121E-1 1.6297E-1 1.70817E-1 1.78653E-1 1.92055E-1 2.06837E-1 2.12642E-1 2.22024E-1 5.43918E-1 4.93245E-1 1.53778E-1 8.26806E-1 1.43504E-1 9.85695E-2 2.28712E-2 2.06341E-1
1.605E-1 1.60502E-1 1.60507E-1 1.60534E-1 1.60686E-1 1.61529E-1 1.65606E-1 1.76075E-1 1.84149E-1 2.05166E-1 2.09126E-1 2.15789E-1 2.2437E-1 2.92532E-1 2.88658E-1 4.95944E-1 2.48742E-1 9.29856E-3 2.09199E-1 2.05274E-1
