현재 지정 모델/accident_22.asc
ncols         20
nrows         20
xllcorner     202043.92331028884
yllcorner     551161.691323056
cellsize      243.329816402587
NODATA_value  -9999
6.54846E-2 6.57289E-2 6.61672E-2 6.7214E-2 7.00839E-2 7.7765E-2 9.67275E-2 1.39705E-1 2.2514E-1 2.36135E-1 2.42075E-1 2.42104E-1 2.36267E-1 2.27346E-1 1.77542E-1 1.37903E-1 7.7998E-2 6.19508E-2 6.64764E-2 6.54376E-2
6.6996E-2 6.80638E-2 6.95904E-2 7.21406E-2 7.75539E-2 9.12763E-2 1.28432E-1 2.27542E-1 2.43392E-1 2.61379E-1 2.74776E-1 2.7697E-1 2.66856E-1 2.49717E-1 6.58197E-1 2.9332E-1 1.18971E-1 4.08545E-2 6.87027E-2 6.61485E-2
7.22229E-2 7.65877E-2 8.26578E-2 9.10755E-2 1.03782E-1 1.28653E-1 1.93534E-1 2.38234E-1 2.6082E-1 2.89011E-1 3.12865E-1 3.20183E-1 3.06692E-1 2.79988E-1 4.70384E-1 2.20973E-1 1.2617E-1 2.09105E-2 7.22041E-2 6.79426E-2
8.74772E-2 1.04495E-1 1.31466E-1 1.71756E-1 2.253E-1 2.32294E-1 2.39428E-1 2.52698E-1 2.76376E-1 3.09622E-1 3.41835E-1 3.56175E-1 3.57468E-1 5.74044E-1 7.60138E-1 2.44609E-1 2.58216E-1 1.51069E-1 8.42864E-2 7.22303E-2
1.26715E-1 1.93585E-1 2.34775E-1 2.47922E-1 2.61324E-1 2.71272E-1 2.7657E-1 2.81966E-1 2.95601E-1 3.21407E-1 3.52206E-1 3.59621E-1 3.38882E-1 8.00524E-1 6.49854E-1 2.43975E-1 1.096E-1 1.71436E-1 1.06762E-1 8.14778E-2
2.13331E-1 2.41816E-1 2.65424E-1 2.97123E-1 3.3144E-1 3.50193E-1 3.37249E-1 3.46942E-1 3.34197E-1 2.67985E-1 4.49203E-1 3.64107E-1 5.82417E-1 7.4581E-1 5.28308E-1 9.57854E-1 4.13361E-1 2.31059E-1 1.49217E-1 9.83303E-2
2.35825E-1 2.62189E-1 3.04961E-1 3.67533E-1 2.92438E-1 7.23894E-1 4.97073E-1 4.14586E-1 2.47986E-1 4.84114E-1 3.61134E-1 3.88001E-1 8.15784E-1 3.29189E-1 3.05282E-1 8.81517E-1 1.39258E-1 2.23502E-1 2.09772E-1 1.21598E-1
2.4103E-1 2.7556E-1 3.35795E-1 4.30742E-1 4.25746E-1 5.80422E-1 6.55447E-1 7.27519E-1 4.02486E-1 4.06024E-1 3.5102E-1 9.07297E-1 8.34328E-1 9.20086E-1 7.78989E-1 3.19998E-1 1.44522E-1 1.97012E-1 2.29405E-1 1.40316E-1
2.38375E-1 2.73252E-1 3.37411E-1 5.26783E-1 8.70035E-1 7.9172E-1 9.04606E-1 7.85495E-1 4.68734E-1 5.48732E-1 5.60514E-1 3.74747E-1 4.49355E-1 2.24661E-1 3.85144E-1 3.22452E-1 3.82355E-1 2.07845E-1 2.28241E-1 1.39558E-1
2.29611E-1 2.56904E-1 3.08616E-1 2.9935E-1 8.1963E-1 7.87219E-1 9.02848E-1 9.13201E-1 6.35069E-1 8.73114E-1 7.43608E-1 2.24899E-1 2.15487E-1 2.06446E-1 2.53532E-1 3.34391E-1 4.63351E-1 8.01891E-2 1.10349E-1 1.20411E-1
1.50384E-1 2.36564E-1 7.20807E-1 5.32636E-1 8.01598E-1 9.99576E-1 8.40481E-1 9.74803E-1 7.96076E-1 6.71554E-1 3.85616E-1 8.69952E-1 2.61176E-1 2.49857E-1 2.41921E-1 2.35305E-1 2.74801E-1 3.70505E-1 7.43607E-2 9.90977E-2
1.34346E-1 2.20976E-1 3.64374E-1 3.04273E-1 4.23334E-1 9.72855E-1 5.99858E-1 9.98066E-1 8.40292E-1 2.09727E-1 2.28697E-1 2.96899E-1 2.71814E-1 1.97832E-1 1.90934E-1 1.84373E-1 1.50745E-1 1.9757E-1 1.82389E-1 1.55554E-1
2.49345E-1 1.80579E-1 4.13203E-1 3.92734E-1 4.75736E-1 7.69933E-1 9.2473E-1 9.8235E-2 1.8253E-1 5.47107E-1 4.69714E-1 3.07191E-1 8.96629E-1 9.1675E-1 3.40382E-1 2.62116E-1 9.11892E-1 3.11209E-1 1.13277E-1 5.89345E-2
4.49907E-1 5.41928E-2 1.85902E-1 2.02474E-1 1.05306E-1 7.44935E-1 4.84358E-1 1.43422E-1 6.80704E-1 7.54551E-1 3.73089E-1 5.44113E-1 5.16887E-1 4.26545E-1 2.6118E-1 7.76042E-1 2.00914E-1 8.91132E-1 3.2295E-1 1.22921E-1
2.01428E-1 9.504E-2 2.82072E-1 1.40815E-1 1.99478E-1 2.47617E-1 6.54859E-2 1.4807E-1 1.29368E-1 2.39304E-1 5.7237E-1 5.54889E-1 9.68641E-1 3.89675E-1 1.60908E-1 5.42786E-1 8.9146E-1 7.64768E-1 1.89398E-1 5.11396E-2
6.52018E-2 6.54732E-2 2.09164E-1 9.53145E-2 6.9383E-2 7.25942E-2 7.7625E-2 8.33112E-2 9.79621E-2 3.73856E-1 3.38533E-1 4.95827E-1 7.55626E-1 3.19337E-1 3.49494E-1 3.55198E-1 2.81521E-1 8.20261E-1 4.55178E-1 7.16704E-2
6.50717E-2 6.51185E-2 6.52303E-2 6.54636E-2 6.59035E-2 6.6732E-2 6.85042E-2 7.28287E-2 8.37026E-2 9.81835E-2 6.94877E-1 3.01485E-1 6.80315E-1 2.49416E-1 3.48646E-1 2.75107E-1 4.78619E-1 3.95369E-1 9.08457E-2 8.07485E-2
6.50502E-2 6.50567E-2 6.50733E-2 6.51121E-2 6.52031E-2 6.54496E-2 6.62184E-2 6.86305E-2 7.55951E-2 9.39936E-2 1.90587E-1 9.71537E-1 7.99587E-1 6.61468E-1 6.72267E-1 4.98559E-1 6.44757E-1 3.59187E-1 2.08024E-1 8.78852E-2
6.50474E-2 6.50481E-2 6.50502E-2 6.50566E-2 6.50794E-2 6.51752E-2 6.55728E-2 6.70332E-2 7.16422E-2 8.43698E-2 1.16325E-1 1.89642E-1 3.88157E-1 3.82174E-1 1.94393E-1 8.34115E-1 1.82768E-1 1.67316E-1 4.85554E-2 8.20315E-2
6.50471E-2 6.50471E-2 6.50474E-2 6.50488E-2 6.50568E-2 6.51007E-2 6.53104E-2 6.61468E-2 6.89234E-2 7.67309E-2 9.59113E-2 1.37644E-1 2.12911E-1 2.95469E-1 3.86982E-1 5.79113E-1 2.51351E-1 5.16963E-2 9.63015E-2 7.72017E-2
