현재 지정 모델/accident_7.asc
ncols         20
nrows         20
xllcorner     202043.92331028884
yllcorner     551161.691323056
cellsize      243.329816402587
NODATA_value  -9999
1.31452E-1 1.40792E-1 1.58984E-1 2.10603E-1 2.14997E-1 2.19758E-1 2.30114E-1 2.48819E-1 2.75998E-1 3.05715E-1 3.25929E-1 3.26028E-1 3.06158E-1 2.76873E-1 2.49816E-1 1.47664E-1 2.19896E-1 8.18605E-2 1.72991E-1 1.29718E-1
1.98848E-1 2.13678E-1 2.14678E-1 2.1631E-1 2.19632E-1 2.27311E-1 2.44387E-1 2.77502E-1 3.30486E-1 3.95098E-1 4.45583E-1 4.53993E-1 4.15539E-1 3.52719E-1 3.33669E-1 8.25212E-2 4.91518E-2 7.154E-2 2.14099E-1 1.58169E-1
2.16362E-1 2.19053E-1 2.22602E-1 2.27205E-1 2.33568E-1 2.44476E-1 2.66967E-1 3.12794E-1 3.9303E-1 4.86383E-1 5.13071E-1 5.21061E-1 5.06259E-1 4.6561E-1 2.99406E-1 3.56887E-1 3.29319E-2 1.74729E-2 1.39006E-1 2.13598E-1
2.25279E-1 2.33907E-1 2.45607E-1 2.60126E-1 2.76041E-1 2.92951E-1 3.16853E-1 3.63387E-1 4.51712E-1 5.095E-1 5.44189E-1 5.59101E-1 6.42401E-1 6.05841E-1 5.06378E-1 3.34716E-1 4.9807E-2 7.06235E-2 2.2352E-1 2.16367E-1
2.43687E-1 2.66982E-1 3.01168E-1 3.46351E-1 3.94894E-1 4.32227E-1 4.52454E-1 4.73254E-1 4.93857E-1 5.22389E-1 5.55005E-1 7.30013E-1 5.6592E-1 6.25788E-1 5.82334E-1 3.87683E-1 3.60879E-2 2.60021E-1 2.34973E-1 2.21929E-1
2.72732E-1 3.25035E-1 4.10164E-1 4.95571E-1 5.3318E-1 3.93469E-1 3.0506E-1 5.49536E-1 5.36116E-1 5.37338E-1 9.45568E-1 5.67217E-1 3.96996E-1 3.76712E-1 3.47163E-1 7.81102E-1 1.84262E-2 2.88896E-1 2.52357E-1 2.30915E-1
3.04677E-1 3.98103E-1 5.04338E-1 5.70693E-1 5.82239E-1 6.27501E-1 5.52622E-1 4.31178E-1 5.50536E-1 7.98182E-1 8.90678E-1 7.97555E-1 6.10391E-1 5.30773E-1 5.04695E-1 5.18016E-1 7.12235E-4 1.55042E-1 2.71723E-1 2.41557E-1
3.22334E-1 4.48584E-1 5.37813E-1 6.31906E-1 6.75975E-1 5.48897E-1 8.22898E-1 6.02806E-1 8.39416E-1 6.08608E-1 5.53777E-1 6.81931E-1 5.30803E-1 6.11502E-1 7.02649E-1 5.43338E-1 2.96277E-2 7.11751E-2 2.83512E-1 2.49051E-1
3.13273E-1 4.39763E-1 5.39524E-1 6.44476E-1 2.9189E-1 5.21852E-1 9.04006E-1 9.04605E-1 5.11233E-1 9.71935E-1 3.88735E-1 3.23106E-2 4.15085E-1 4.78695E-1 6.86178E-1 4.02861E-1 2.98935E-1 3.78352E-2 2.79752E-1 2.48763E-1
2.84181E-1 3.7864E-1 5.08389E-1 6.00801E-1 2.52471E-1 6.33525E-1 9.82565E-1 6.49205E-1 8.24306E-1 7.01029E-1 5.983E-1 4.92062E-1 4.35938E-1 3.9461E-1 3.66395E-1 2.24739E-1 3.19589E-1 8.25671E-3 1.46933E-1 2.41053E-1
2.52779E-1 3.07156E-1 7.23433E-1 3.66641E-1 8.3524E-1 9.99891E-1 9.63495E-1 9.87885E-1 9.65099E-1 8.58167E-1 3.60822E-1 8.01279E-1 3.94347E-1 3.53214E-1 3.25397E-1 3.02938E-1 1.83716E-1 3.28847E-1 2.13402E-1 2.31296E-1
2.30556E-1 1.64776E-1 3.49464E-1 5.8749E-1 2.8915E-1 6.28996E-1 5.90991E-1 9.98419E-1 5.34626E-1 4.72436E-1 3.65888E-1 2.98875E-1 2.60783E-1 3.56326E-1 3.26636E-1 2.99332E-1 2.97782E-1 2.53269E-1 1.91715E-1 2.66095E-1
3.40616E-1 1.46246E-1 3.51188E-1 1.6051E-1 2.53298E-1 9.13312E-1 7.38837E-1 4.69521E-1 4.31144E-1 3.16029E-1 5.27426E-1 5.98974E-1 5.43075E-1 3.94769E-1 2.36822E-1 2.12962E-1 4.49972E-1 2.13674E-1 2.37944E-1 2.45211E-1
9.69941E-1 2.17047E-1 1.82556E-1 3.63155E-1 1.99009E-2 8.44711E-1 4.54624E-1 5.54904E-1 6.72819E-1 4.75118E-1 5.85083E-1 2.62297E-1 4.91966E-1 2.39878E-1 3.94362E-1 8.79906E-1 1.79534E-1 5.58163E-1 2.90778E-1 1.4516E-1
3.0509E-1 1.30288E-1 3.05342E-1 1.39304E-1 2.58092E-2 9.53506E-1 2.07753E-1 1.603E-1 4.22325E-1 2.34338E-1 3.5798E-1 3.99345E-1 8.54607E-1 8.47408E-1 3.60709E-1 5.14547E-1 9.06078E-1 4.56524E-1 1.54202E-1 3.05386E-2
1.21317E-1 1.31027E-1 2.26202E-1 2.42955E-1 2.14543E-1 2.16596E-1 2.19674E-1 2.24902E-1 2.34718E-1 2.89753E-1 4.67804E-1 6.16985E-1 6.77149E-1 3.92993E-1 4.01291E-1 2.51626E-1 4.97154E-1 7.06706E-1 2.07466E-1 3.41352E-2
1.1689E-1 1.18465E-1 1.22306E-1 1.30674E-1 1.4781E-1 1.8534E-1 2.13968E-1 2.16743E-1 2.23193E-1 1.11994E-1 3.43885E-1 6.19839E-1 6.44234E-1 3.73764E-1 2.22091E-1 8.05803E-1 2.65994E-1 1.82758E-1 7.81377E-2 8.77749E-2
1.16172E-1 1.16389E-1 1.16945E-1 1.18249E-1 1.21362E-1 1.30159E-1 1.61236E-1 2.14051E-1 2.18452E-1 2.28724E-1 2.48835E-1 9.53523E-1 7.13825E-1 8.15931E-1 3.74655E-1 8.02066E-1 4.27463E-1 3.79592E-1 4.90109E-2 2.25501E-1
1.16078E-1 1.16102E-1 1.16173E-1 1.16385E-1 1.17149E-1 1.20401E-1 1.3476E-1 2.00817E-1 2.15995E-1 2.23567E-1 2.3929E-1 2.65786E-1 6.86836E-1 2.73721E-1 3.41404E-1 5.69567E-1 2.92808E-1 1.05371E-1 2.67095E-2 2.22246E-1
1.16068E-1 1.1607E-1 1.1608E-1 1.16126E-1 1.16391E-1 1.17863E-1 1.25125E-1 1.58098E-1 2.14243E-1 2.19139E-1 2.29702E-1 2.48029E-1 2.72613E-1 1.92052E-1 3.75461E-1 7.93576E-1 2.7215E-1 1.06301E-2 2.299E-1 2.19421E-1
