현재 지정 모델/accident_12.asc
ncols         20
nrows         20
xllcorner     202043.92331028884
yllcorner     551161.691323056
cellsize      243.329816402587
NODATA_value  -9999
1.08193E-1 1.10214E-1 1.1391E-1 1.23108E-1 1.51098E-1 2.47278E-1 2.53661E-1 2.61908E-1 2.73369E-1 2.85313E-1 2.93149E-1 2.93187E-1 2.85488E-1 2.73729E-1 3.46898E-1 2.03645E-1 2.49011E-1 9.23732E-2 1.16572E-1 1.07807E-1
1.21149E-1 1.30966E-1 1.45988E-1 1.73757E-1 2.44211E-1 2.52396E-1 2.59983E-1 2.73987E-1 2.94887E-1 3.1863E-1 3.36317E-1 3.39212E-1 3.25862E-1 3.03235E-1 4.32327E-1 2.54506E-1 1.20433E-1 1.12879E-1 1.37109E-1 1.1375E-1
1.7471E-1 2.30478E-1 2.50253E-1 2.52348E-1 2.55208E-1 2.60022E-1 2.69623E-1 2.88082E-1 3.17892E-1 3.55094E-1 3.86496E-1 3.96104E-1 3.7838E-1 3.43194E-1 4.56922E-1 3.15764E-1 1.18671E-1 3.87972E-2 1.77826E-1 1.29824E-1
2.51474E-1 2.55359E-1 2.60514E-1 2.66746E-1 2.73387E-1 2.8025E-1 2.89657E-1 3.07169E-1 3.38428E-1 3.82233E-1 4.24444E-1 4.43122E-1 5.73538E-1 7.29154E-1 6.38902E-1 2.96492E-1 1.11118E-1 1.53853E-1 2.50673E-1 1.74796E-1
2.59677E-1 2.6963E-1 2.83521E-1 3.00866E-1 3.18558E-1 3.31692E-1 3.38683E-1 3.45804E-1 3.6378E-1 3.9771E-1 4.37961E-1 5.43848E-1 4.51768E-1 8.05567E-1 7.27407E-1 3.72413E-1 6.76685E-2 2.66701E-1 2.55834E-1 2.49945E-1
2.72021E-1 2.92807E-1 3.23971E-1 3.65784E-1 4.10857E-1 4.16567E-1 3.48342E-1 4.31106E-1 4.14464E-1 3.75745E-1 8.53281E-1 4.53419E-1 5.55054E-1 5.24734E-1 4.5434E-1 6.73966E-1 7.24591E-2 2.78621E-1 2.63433E-1 2.54021E-1
2.84905E-1 3.197E-1 3.76103E-1 4.57857E-1 4.60957E-1 7.54359E-1 5.4762E-1 4.06736E-1 4.2117E-1 5.79363E-1 8.07572E-1 6.66244E-1 6.3572E-1 4.0791E-1 3.76525E-1 6.13354E-1 6.40718E-3 2.19002E-1 2.71603E-1 2.58744E-1
2.91771E-1 3.37351E-1 4.16554E-1 5.38605E-1 7.09738E-1 6.35105E-1 8.1137E-1 6.59435E-1 6.64892E-1 5.07311E-1 4.36417E-1 8.53864E-1 8.30214E-1 9.01045E-1 7.2875E-1 4.23142E-1 7.37956E-2 1.23094E-1 2.76442E-1 2.62009E-1
2.88268E-1 3.34305E-1 4.18665E-1 6.78914E-1 6.44971E-1 7.65276E-1 9.83106E-1 8.35393E-1 5.17368E-1 9.33429E-1 3.63102E-1 7.59731E-2 4.13317E-1 3.12216E-1 6.17334E-1 4.18908E-1 2.84139E-1 7.76721E-2 2.74909E-1 2.61884E-1
2.76714E-1 3.12723E-1 3.8091E-1 4.52295E-1 5.92084E-1 8.04218E-1 9.86899E-1 8.93779E-1 7.8837E-1 8.14362E-1 6.37418E-1 3.25192E-1 2.98676E-1 2.85315E-1 3.08271E-1 2.41361E-1 3.79207E-1 2.33054E-2 1.98717E-1 2.58523E-1
2.63615E-1 2.85879E-1 7.77656E-1 3.91315E-1 7.31996E-1 9.99413E-1 9.44557E-1 9.9055E-1 9.82656E-1 8.47909E-1 3.23706E-1 8.692E-1 3.18363E-1 3.03419E-1 2.92946E-1 2.8422E-1 2.65188E-1 5.69739E-1 2.07485E-1 2.54191E-1
3.63609E-1 2.12805E-1 2.80732E-1 4.53798E-1 5.50568E-1 9.11444E-1 7.00718E-1 9.01499E-1 5.89709E-1 3.29615E-1 2.69277E-1 2.42335E-1 2.28835E-1 2.72573E-1 2.62364E-1 2.52653E-1 3.29352E-1 3.73868E-1 2.37105E-1 3.50101E-1
6.57174E-1 2.95245E-1 5.00066E-1 3.30527E-1 4.64686E-1 7.5816E-1 9.50446E-1 3.453E-1 2.85067E-1 3.69377E-1 6.29924E-1 4.58109E-1 7.53417E-1 7.80329E-1 2.46611E-1 2.10194E-1 5.65789E-1 3.79562E-1 2.57153E-1 2.89083E-1
6.46206E-1 1.66522E-1 4.11993E-1 5.18441E-1 5.37563E-2 9.64208E-1 6.62366E-1 3.41732E-1 6.61479E-1 6.33463E-1 4.11448E-1 3.80636E-1 5.76265E-1 3.06262E-1 3.18368E-1 9.71742E-1 1.85297E-1 8.12349E-1 5.17217E-1 2.02255E-1
2.52162E-1 9.63065E-2 2.87228E-1 2.51812E-1 2.1489E-2 7.41187E-1 2.05183E-1 1.87014E-1 3.78887E-1 2.91425E-1 4.05472E-1 4.60417E-1 9.79344E-1 6.89359E-1 2.59964E-1 3.88745E-1 8.70869E-1 5.7447E-1 3.66287E-1 6.55757E-2
1.05887E-1 1.08099E-1 2.08826E-1 1.30366E-1 1.43877E-1 1.79056E-1 2.4524E-1 2.51302E-1 2.55721E-1 3.54634E-1 3.69839E-1 5.77569E-1 7.52286E-1 4.14695E-1 4.49205E-1 3.25763E-1 4.19868E-1 8.99092E-1 5.37256E-1 8.06869E-2
1.0484E-1 1.05216E-1 1.06118E-1 1.0802E-1 1.11675E-1 1.18808E-1 1.35179E-1 1.81838E-1 2.50523E-1 1.92514E-1 5.10325E-1 5.24401E-1 8.05933E-1 3.66755E-1 3.26112E-1 6.6101E-1 3.02777E-1 3.21029E-1 1.26625E-1 1.63704E-1
1.04667E-1 1.04719E-1 1.04853E-1 1.05164E-1 1.05898E-1 1.07906E-1 1.14348E-1 1.36406E-1 2.16893E-1 2.53034E-1 3.74182E-1 9.50888E-1 8.85841E-1 8.51529E-1 6.54728E-1 7.01541E-1 5.37528E-1 3.36342E-1 1.64939E-1 2.51575E-1
1.04644E-1 1.0465E-1 1.04667E-1 1.04718E-1 1.04902E-1 1.05673E-1 1.08919E-1 1.21482E-1 1.68062E-1 2.50694E-1 2.57747E-1 2.69129E-1 7.15437E-1 3.40765E-1 2.67483E-1 6.55217E-1 2.50279E-1 2.19154E-1 5.98563E-2 2.5009E-1
1.04642E-1 1.04643E-1 1.04645E-1 1.04656E-1 1.0472E-1 1.05072E-1 1.06768E-1 1.13736E-1 1.39279E-1 2.32481E-1 2.53475E-1 2.61566E-1 2.71972E-1 2.26382E-1 4.97039E-1 8.16305E-1 3.58572E-1 2.9835E-2 2.53564E-1 2.39147E-1
