현재 지정 모델/accident_3.asc
ncols         20
nrows         20
xllcorner     202043.92331028884
yllcorner     551161.691323056
cellsize      243.329816402587
NODATA_value  -9999
1.05086E-1 1.07119E-1 1.10841E-1 1.20121E-1 1.31751E-1 1.57641E-1 1.61993E-1 1.69703E-1 1.80616E-1 1.92229E-1 1.99979E-1 2.00017E-1 1.92401E-1 1.80962E-1 2.58563E-1 1.72671E-1 1.57699E-1 1.08831E-1 1.13524E-1 1.04698E-1
1.18142E-1 1.23683E-1 1.29757E-1 1.40214E-1 1.57587E-1 1.60821E-1 1.67893E-1 1.81211E-1 2.01712E-1 2.25878E-1 2.44464E-1 2.47553E-1 2.33418E-1 2.10103E-1 1.862E-1 3.60514E-1 1.40806E-1 1.32071E-1 1.26208E-1 1.1068E-1
1.40558E-1 1.57342E-1 1.58842E-1 1.60777E-1 1.6343E-1 1.67929E-1 1.77024E-1 1.94956E-1 2.25113E-1 2.64725E-1 2.99773E-1 3.10777E-1 2.90578E-1 2.51823E-1 2.39985E-1 1.20093E-1 1.20851E-1 6.84022E-2 1.42251E-1 1.23207E-1
1.59969E-1 1.63571E-1 1.68392E-1 1.74282E-1 1.80633E-1 1.87277E-1 1.96513E-1 2.14098E-1 2.46715E-1 2.94931E-1 3.43961E-1 3.66401E-1 1.42796E-1 6.79637E-1 6.31841E-1 2.03316E-1 2.54028E-2 1.57261E-1 1.59229E-1 1.40589E-1
1.67606E-1 1.77031E-1 1.90471E-1 2.0771E-1 2.25802E-1 2.39556E-1 2.46988E-1 2.54634E-1 2.74276E-1 3.12628E-1 3.60156E-1 3.29638E-1 2.86593E-1 6.64594E-1 9.32632E-1 1.38295E-1 1.21222E-1 1.7424E-1 1.64014E-1 1.58558E-1
1.79321E-1 1.99638E-1 2.31438E-1 2.76495E-1 3.27918E-1 3.56911E-1 3.36522E-1 3.51914E-1 3.32153E-1 1.61983E-1 4.00319E-1 3.78955E-1 2.34535E-1 6.35889E-1 3.9448E-1 6.39838E-1 1.32225E-1 1.85693E-1 1.71142E-1 1.62327E-1
1.91829E-1 2.26988E-1 2.88015E-1 3.84405E-1 5.04562E-1 6.98166E-1 6.45733E-1 5.69501E-1 3.45588E-1 2.71184E-1 3.29335E-1 2.09184E-1 2.62752E-1 3.2447E-1 2.8849E-1 6.27772E-1 8.92416E-2 1.75914E-1 1.7892E-1 1.66731E-1
1.98608E-1 2.45566E-1 3.34615E-1 4.8727E-1 7.30557E-1 9.88116E-1 8.00986E-1 7.3853E-1 2.79556E-1 4.46628E-1 3.58295E-1 6.43918E-1 6.04824E-1 9.56115E-1 4.88505E-1 2.91619E-1 1.59582E-1 1.435E-1 1.83581E-1 1.69798E-1
1.9514E-1 2.42325E-1 3.37108E-1 6.81518E-1 6.46523E-1 7.13078E-1 9.67295E-1 7.34194E-1 5.1499E-1 9.9853E-1 3.052E-1 8.7053E-2 2.01685E-1 1.21004E-1 4.05262E-1 3.408E-1 6.23297E-2 6.57975E-2 1.821E-1 1.69681E-1
1.83844E-1 2.19779E-1 2.93434E-1 1.61682E-1 8.8988E-1 7.03882E-1 9.89161E-1 9.6306E-1 8.1492E-1 8.04163E-1 4.43278E-1 1.10078E-1 1.12969E-1 1.05277E-1 2.15221E-1 2.18756E-1 1.01881E-1 6.75267E-2 1.70642E-1 1.66524E-1
1.71314E-1 1.92786E-1 2.10519E-1 2.28327E-1 3.02549E-1 9.71527E-1 6.90354E-1 9.99943E-1 9.50783E-1 5.80676E-1 1.94467E-1 4.87181E-1 2.256E-1 2.10289E-1 1.99776E-1 1.91156E-1 7.90425E-2 4.6514E-1 1.23396E-1 1.62485E-1
2.7114E-1 1.83597E-1 7.56286E-2 1.78341E-1 7.14037E-1 9.84015E-1 8.39903E-1 9.96237E-1 2.68176E-1 3.21102E-1 1.41058E-1 1.21428E-1 9.51342E-2 9.8157E-2 9.26047E-2 8.74482E-2 1.32207E-1 2.175E-1 6.76365E-2 1.90498E-1
7.2021E-1 2.85948E-1 1.89935E-1 6.50719E-1 3.39383E-1 8.12828E-1 9.28962E-1 3.71121E-1 2.6264E-1 3.16004E-1 4.92793E-1 1.81235E-1 9.00039E-1 7.57829E-1 2.2539E-1 9.85087E-2 3.66347E-1 1.31929E-1 1.65243E-1 9.3102E-2
8.08209E-2 5.59981E-2 1.70404E-1 3.90065E-1 9.30013E-2 5.06307E-1 5.25583E-1 3.73897E-1 1.01308E-1 4.95824E-1 2.02664E-1 2.09103E-1 7.68232E-1 4.72318E-1 2.25605E-1 6.28308E-1 1.79763E-1 7.2761E-1 3.25164E-1 1.46555E-1
1.12403E-1 1.27013E-1 1.71096E-1 2.37344E-1 3.9252E-2 1.08871E-1 1.21429E-1 7.06479E-2 1.20988E-1 2.46908E-1 7.72244E-2 1.96947E-1 6.47878E-1 1.81145E-1 1.99011E-1 6.02232E-2 8.68976E-1 2.96214E-1 3.90446E-1 4.95259E-2
1.02768E-1 1.04991E-1 1.39529E-1 3.74646E-1 1.28924E-1 1.42114E-1 1.57605E-1 1.36805E-1 1.19956E-1 1.67089E-1 1.71E-1 2.69105E-1 8.32982E-1 3.35793E-1 3.70084E-1 1.60136E-1 1.56469E-1 7.92782E-1 3.91296E-1 1.33208E-1
1.01715E-1 1.02093E-1 1.03E-1 1.04912E-1 1.0859E-1 1.15779E-1 1.25421E-1 1.43101E-1 1.59091E-1 1.25471E-1 5.32086E-1 1.45158E-1 4.08133E-1 1.57638E-1 4.93357E-1 1.34096E-1 2.29711E-1 2.78774E-1 7.81819E-2 1.15938E-1
1.01542E-1 1.01594E-1 1.01728E-1 1.02041E-1 1.02778E-1 1.04797E-1 1.11282E-1 1.25921E-1 1.54983E-1 1.61412E-1 2.82812E-1 5.2213E-1 7.62622E-1 4.49043E-1 5.08897E-1 3.32787E-1 3.71292E-1 6.43466E-2 1.68818E-1 1.60062E-1
1.01519E-1 1.01525E-1 1.01542E-1 1.01593E-1 1.01777E-1 1.02552E-1 1.05816E-1 1.18478E-1 1.38141E-1 1.59249E-1 1.65798E-1 1.76552E-1 2.44415E-1 1.48486E-1 9.53719E-2 5.79769E-1 8.62062E-2 8.03154E-2 1.02954E-1 1.58692E-1
1.01516E-1 1.01517E-1 1.01519E-1 1.01531E-1 1.01595E-1 1.01949E-1 1.03653E-1 1.10666E-1 1.27086E-1 1.57379E-1 1.61821E-1 1.69382E-1 1.79274E-1 1.47329E-1 4.76128E-1 3.56898E-1 2.34712E-1 8.10543E-2 1.61903E-1 1.57498E-1
