현재 지정 모델/accident_15.asc
ncols         20
nrows         20
xllcorner     202043.92331028884
yllcorner     551161.691323056
cellsize      243.329816402587
NODATA_value  -9999
1.17894E-1 1.22448E-1 1.30984E-1 1.53376E-1 1.57988E-1 1.67364E-1 1.8883E-1 2.31253E-1 2.74496E-1 2.90154E-1 3.00509E-1 3.00559E-1 2.90384E-1 2.74965E-1 2.37192E-1 2.39986E-1 1.67641E-1 6.53801E-2 1.37298E-1 1.17034E-1
1.48472E-1 1.55445E-1 1.5737E-1 1.60543E-1 1.67112E-1 1.82874E-1 2.20784E-1 2.75302E-1 3.02814E-1 3.34579E-1 3.58537E-1 3.62481E-1 3.44347E-1 3.13924E-1 4.13236E-1 8.55991E-2 9.35441E-2 3.24312E-2 1.56253E-1 1.3061E-1
1.60645E-1 1.65955E-1 1.73114E-1 1.82652E-1 1.96312E-1 2.20992E-1 2.69618E-1 2.93806E-1 3.33584E-1 3.84201E-1 4.26566E-1 4.3898E-1 4.16088E-1 3.67912E-1 3.77086E-1 2.92114E-1 3.7788E-2 5.39686E-3 1.0289E-1 1.55291E-1
1.78627E-1 1.97056E-1 2.2364E-1 2.59103E-1 2.74519E-1 2.83497E-1 2.95887E-1 3.19183E-1 3.61412E-1 4.21061E-1 4.75616E-1 4.99738E-1 4.18216E-1 5.81202E-1 7.3725E-1 3.04945E-1 9.02101E-2 1.33605E-1 1.74993E-1 1.60654E-1
2.19153E-1 2.69626E-1 2.87794E-1 3.10764E-1 3.3448E-1 3.5225E-1 3.6176E-1 3.71478E-1 3.96137E-1 4.41055E-1 4.93076E-1 6.27885E-1 4.844E-1 4.86764E-1 5.1847E-1 2.12224E-1 2.56206E-2 2.58837E-1 1.99402E-1 1.71742E-1
2.72738E-1 3.00055E-1 3.41789E-1 3.98897E-1 4.58051E-1 3.45478E-1 2.82271E-1 4.84224E-1 4.62715E-1 3.15228E-1 7.94535E-1 5.13014E-1 5.3384E-1 6.43394E-1 3.44619E-1 9.5191E-1 7.65873E-2 2.81362E-1 2.39793E-1 1.90551E-1
2.89617E-1 3.36021E-1 4.13131E-1 5.18729E-1 3.74402E-1 5.47088E-1 6.38858E-1 4.90799E-1 3.12336E-1 5.77836E-1 2.82993E-1 5.62037E-1 8.93469E-1 4.54241E-1 4.13695E-1 6.25399E-1 1.92447E-3 1.52594E-1 2.72194E-1 2.14232E-1
2.98683E-1 3.59946E-1 4.65416E-1 6.21436E-1 4.94483E-1 4.59596E-1 9.07092E-1 9.15183E-1 7.3121E-1 5.81994E-1 4.91084E-1 6.07602E-1 8.23514E-1 8.70442E-1 7.32769E-1 4.5087E-1 2.36992E-2 8.07687E-2 2.7851E-1 2.31809E-1
2.94052E-1 3.55801E-1 4.68146E-1 6.49141E-1 6.85683E-1 4.97858E-1 9.78902E-1 8.3015E-1 5.94033E-1 6.58468E-1 6.53836E-1 3.6576E-2 4.53607E-1 2.47137E-1 5.62692E-1 3.4305E-1 4.41373E-1 7.13615E-2 2.76506E-1 2.31119E-1
2.78865E-1 3.26629E-1 4.19353E-1 3.76398E-1 6.31641E-1 8.79891E-1 9.99402E-1 9.47539E-1 8.91367E-1 9.44551E-1 6.31464E-1 2.52795E-1 2.32641E-1 2.18575E-1 3.20658E-1 3.80905E-1 3.4808E-1 7.6564E-3 8.43043E-2 2.13077E-1
2.40824E-1 2.909E-1 6.45791E-1 5.24852E-1 4.83041E-1 9.98795E-1 9.45722E-1 9.72628E-1 9.36921E-1 9.1378E-1 4.8734E-1 8.7504E-1 3.34218E-1 3.14169E-1 3.00239E-1 2.88714E-1 2.52476E-1 3.89732E-1 1.02897E-1 1.91371E-1
1.87928E-1 3.10519E-1 2.87108E-1 3.84352E-1 1.62765E-1 9.07279E-1 5.6856E-1 9.95449E-1 8.55326E-1 2.41606E-1 2.08696E-1 3.51895E-1 2.64163E-1 2.05389E-1 1.9499E-1 1.85239E-1 1.10133E-1 1.6038E-1 2.49239E-1 1.64902E-1
3.31672E-1 2.32277E-1 4.91341E-1 1.88665E-1 2.56559E-1 6.2727E-1 9.4336E-1 5.9867E-2 1.99063E-1 5.17629E-1 4.96942E-1 3.89428E-1 6.18268E-1 8.07969E-1 3.90569E-1 2.45101E-1 7.1769E-1 2.79256E-1 2.06024E-1 7.73425E-2
9.40415E-1 9.79378E-2 2.43336E-1 3.55013E-1 2.93411E-2 9.3152E-1 5.21657E-1 1.15723E-1 6.99436E-1 5.56411E-1 3.94941E-1 3.83462E-1 2.32211E-1 2.85484E-1 3.34225E-1 8.44167E-1 1.8374E-1 7.53006E-1 4.97933E-1 2.22721E-1
3.5677E-1 1.91706E-1 3.75614E-1 1.99541E-1 4.24698E-2 4.46648E-1 9.56558E-2 1.8198E-1 7.90643E-2 2.3407E-1 3.362E-1 3.10397E-1 9.05854E-1 3.39169E-1 1.69329E-1 4.64496E-1 8.30171E-1 4.72744E-1 6.79071E-2 2.51838E-2
1.128E-1 1.17684E-1 2.92356E-1 1.78268E-1 1.5711E-1 1.61102E-1 1.67196E-1 1.71771E-1 1.85635E-1 1.3021E-1 3.42911E-1 5.05288E-1 5.93961E-1 3.38267E-1 3.98374E-1 2.56728E-1 3.45051E-1 7.82813E-1 2.83825E-1 4.70548E-2
1.1052E-1 1.11335E-1 1.13305E-1 1.17509E-1 1.2579E-1 1.42706E-1 1.56002E-1 1.6139E-1 1.74321E-1 9.77085E-2 6.4166E-1 2.67868E-1 4.19854E-1 2.14681E-1 2.13626E-1 4.34961E-1 5.37813E-1 3.31539E-1 5.25894E-2 7.53415E-2
1.10147E-1 1.10259E-1 1.10548E-1 1.11223E-1 1.12823E-1 1.17253E-1 1.32013E-1 1.56162E-1 1.6476E-1 1.85863E-1 2.29099E-1 8.93796E-1 6.2737E-1 7.91114E-1 4.80167E-1 5.94963E-1 5.34581E-1 3.92164E-1 1.2249E-1 1.79087E-1
1.10097E-1 1.1011E-1 1.10147E-1 1.10257E-1 1.10654E-1 1.12331E-1 1.19521E-1 1.493E-1 1.59927E-1 1.75089E-1 2.09062E-1 2.68976E-1 3.16577E-1 4.21829E-1 2.00186E-1 8.03381E-1 1.82877E-1 8.5238E-2 1.69119E-2 1.72387E-1
1.10092E-1 1.10093E-1 1.10098E-1 1.10123E-1 1.1026E-1 1.11024E-1 1.14734E-1 1.30577E-1 1.56531E-1 1.66127E-1 1.87948E-1 2.29369E-1 2.72675E-1 3.32162E-1 3.85089E-1 5.98965E-1 2.67598E-1 8.87901E-3 1.8837E-1 1.66691E-1
