현재 지정 모델/accident_min.asc
ncols         20
nrows         20
xllcorner     202043.92331028884
yllcorner     551161.691323056
cellsize      243.329816402587
NODATA_value  -9999
5.3673E-2 5.41048E-2 5.48838E-2 5.67681E-2 6.21044E-2 7.7609E-2 9.67275E-2 1.27036E-1 1.31676E-1 1.36505E-1 1.39672E-1 1.39687E-1 1.36576E-1 1.31821E-1 1.59695E-1 7.47239E-2 7.7998E-2 3.75789E-2 5.54369E-2 5.35902E-2
5.63729E-2 5.83222E-2 6.1169E-2 6.60816E-2 7.71593E-2 9.12763E-2 1.26256E-1 1.31926E-1 1.40374E-1 1.49972E-1 1.57134E-1 1.58308E-1 1.52898E-1 1.43748E-1 1.862E-1 1.96009E-2 2.75559E-2 2.92611E-3 5.9505E-2 5.48504E-2
6.62434E-2 7.51175E-2 8.26578E-2 9.10755E-2 1.03782E-1 1.26272E-1 1.3016E-1 1.37624E-1 1.49673E-1 1.64761E-1 1.73937E-1 1.76495E-1 1.71769E-1 1.59924E-1 1.83731E-1 8.54033E-2 1.28334E-2 2.95803E-5 5.54655E-2 5.80993E-2
8.74772E-2 1.04495E-1 1.26472E-1 1.28996E-1 1.31683E-1 1.34458E-1 1.38261E-1 1.45338E-1 1.5799E-1 1.72799E-1 1.84003E-1 1.88934E-1 1.22734E-1 3.68106E-1 4.4232E-1 1.41023E-1 1.51042E-2 3.93847E-2 8.42864E-2 6.6258E-2
1.26132E-1 1.30163E-1 1.35781E-1 1.4279E-1 1.49942E-1 1.55259E-1 1.58094E-1 1.60984E-1 1.67853E-1 1.76921E-1 1.87572E-1 1.97032E-1 1.66406E-1 7.78859E-2 3.758E-1 1.38295E-1 8.87782E-4 1.28978E-1 1.06762E-1 8.14778E-2
1.3113E-1 1.39534E-1 1.52133E-1 1.68392E-1 1.80409E-1 1.77851E-1 1.22919E-1 1.85763E-1 1.81364E-1 1.05698E-1 3.1559E-1 1.91649E-1 6.3738E-2 3.76712E-1 2.51448E-1 5.25636E-1 1.40914E-2 1.338E-1 1.27654E-1 9.83303E-2
1.3634E-1 1.50405E-1 1.7116E-1 1.9282E-1 1.87276E-2 2.89205E-1 4.81552E-2 2.80589E-2 1.71715E-2 2.71184E-1 1.46858E-3 1.35948E-1 2.56447E-1 1.79628E-1 1.71273E-1 4.37533E-1 8.56695E-5 8.62757E-2 1.30961E-1 1.21598E-1
1.39115E-1 1.57553E-1 1.81917E-1 2.14262E-1 3.54569E-2 8.91011E-2 2.80731E-1 2.73292E-1 1.86066E-1 2.05901E-1 1.87165E-1 4.94975E-1 3.26843E-1 5.02452E-1 3.90484E-1 1.50246E-1 5.30116E-5 2.88291E-2 1.32919E-1 1.27077E-1
1.377E-1 1.56318E-1 1.82475E-1 3.54376E-1 2.9189E-1 2.19021E-2 1.63844E-1 4.66477E-2 3.54685E-2 5.98882E-2 1.82472E-1 8.54626E-3 1.60151E-1 9.17467E-2 3.13987E-1 2.27459E-1 6.23297E-2 2.09652E-2 1.32299E-1 1.27027E-1
1.33029E-1 1.47583E-1 1.72446E-1 1.07342E-1 2.15382E-1 4.69165E-1 3.12888E-1 5.96555E-1 2.57183E-1 6.48616E-1 2.86986E-1 8.65437E-2 8.82326E-2 8.47742E-2 1.45783E-1 1.44201E-1 2.10418E-2 1.58642E-4 5.99248E-3 1.20411E-1
1.27728E-1 1.36734E-1 2.10519E-1 2.0312E-1 7.62112E-2 6.05749E-1 4.31966E-1 8.7506E-1 6.14651E-1 4.7733E-1 1.51195E-1 4.87181E-1 1.49864E-1 1.43822E-1 1.3959E-1 1.36063E-1 7.90425E-2 2.45458E-1 9.35579E-3 9.90977E-2
1.09948E-1 1.09308E-1 7.56286E-2 1.10499E-1 8.89923E-3 6.28996E-1 3.55969E-1 5.73336E-1 2.21618E-1 1.37546E-2 1.4444E-2 1.21428E-1 9.51342E-2 8.14821E-2 7.88471E-2 7.63415E-2 1.17707E-2 9.53169E-2 6.76365E-2 7.9948E-2
1.47249E-1 1.20263E-1 1.40633E-1 5.0285E-2 3.07406E-2 2.49056E-1 4.8653E-1 6.27728E-5 1.21434E-2 2.81873E-1 2.78168E-1 1.11541E-1 4.26452E-1 3.94769E-1 1.48963E-1 8.59573E-2 1.98356E-1 4.87601E-2 1.13277E-1 4.31805E-3
3.88471E-2 3.8051E-2 1.11364E-1 2.02474E-1 7.13238E-3 3.83763E-1 2.92297E-1 5.71047E-3 1.01308E-1 2.3356E-1 2.02664E-1 1.53503E-1 1.79969E-2 4.14796E-2 1.49866E-1 2.2034E-1 1.44775E-2 1.98162E-1 1.95521E-1 7.04013E-2
6.62595E-2 5.57118E-2 9.04144E-2 1.01921E-1 6.91076E-3 7.71383E-2 9.27261E-3 5.93241E-2 8.85215E-4 2.06456E-2 5.10314E-2 1.23513E-1 3.57991E-1 1.47937E-2 1.1242E-2 6.02232E-2 6.77577E-1 1.98535E-2 1.18977E-3 1.34531E-3
5.31755E-2 5.36528E-2 6.68213E-2 5.29782E-2 6.0778E-2 6.69761E-2 7.73105E-2 8.33112E-2 8.83596E-2 3.98808E-2 1.65536E-1 2.1177E-1 4.68894E-1 2.25557E-1 1.59405E-1 1.38571E-1 1.02418E-1 5.62109E-1 1.6468E-1 2.94678E-3
5.29474E-2 5.30294E-2 5.32255E-2 5.3636E-2 5.44143E-2 5.58964E-2 5.91362E-2 6.74409E-2 8.37026E-2 6.18877E-2 3.00962E-1 9.38123E-3 3.97086E-1 1.57638E-1 3.80869E-2 1.34096E-1 1.44301E-1 1.66611E-1 3.81221E-3 4.76945E-2
5.29098E-2 5.29212E-2 5.29503E-2 5.30182E-2 5.31778E-2 5.36113E-2 5.49752E-2 5.93708E-2 7.30492E-2 9.39936E-2 1.24574E-1 3.50264E-1 5.81345E-1 3.72326E-1 3.38375E-1 3.0608E-1 2.82702E-1 6.43466E-2 3.96492E-2 8.78852E-2
5.29048E-2 5.29061E-2 5.29099E-2 5.2921E-2 5.2961E-2 5.31289E-2 5.38287E-2 5.64403E-2 6.51061E-2 8.43698E-2 1.16325E-1 1.2996E-1 2.06802E-2 1.40238E-1 8.01681E-2 3.70701E-1 7.57289E-2 2.33557E-2 8.10871E-4 8.20315E-2
5.29043E-2 5.29044E-2 5.29049E-2 5.29074E-2 5.29213E-2 5.29982E-2 5.33663E-2 5.48475E-2 5.99164E-2 7.54183E-2 9.59113E-2 1.26898E-1 1.31111E-1 1.30925E-1 2.58934E-1 1.68181E-1 1.44339E-1 2.53661E-4 9.63015E-2 7.64118E-2
