현재 지정 모델/accident_26.asc
ncols         20
nrows         20
xllcorner     202043.92331028884
yllcorner     551161.691323056
cellsize      243.329816402587
NODATA_value  -9999
2.17725E-1 2.47371E-1 2.53967E-1 2.54216E-1 2.54878E-1 2.56537E-1 2.60073E-1 2.66223E-1 2.747E-1 2.83454E-1 2.89155E-1 2.89182E-1 2.83581E-1 2.74965E-1 3.24882E-1 3.21153E-1 2.56585E-1 2.00349E-1 2.54041E-1 2.12372E-1
2.54164E-1 2.54414E-1 2.54766E-1 2.55338E-1 2.56494E-1 2.59125E-1 2.64791E-1 2.75155E-1 2.90415E-1 3.07488E-1 3.20051E-1 3.22097E-1 3.1264E-1 2.96447E-1 6.7889E-1 4.89584E-1 2.44988E-1 2.01511E-1 2.54562E-1 2.53963E-1
2.55356E-1 2.56293E-1 2.57518E-1 2.59089E-1 2.6123E-1 2.64821E-1 2.71939E-1 2.85472E-1 3.06961E-1 3.33265E-1 3.55127E-1 3.61768E-1 3.49502E-1 3.24905E-1 3.23289E-1 2.84514E-1 1.47234E-1 1.12045E-1 2.45784E-1 2.54386E-1
2.58434E-1 2.61343E-1 2.65187E-1 2.69811E-1 2.74713E-1 2.79753E-1 2.86618E-1 2.99279E-1 3.21543E-1 3.52174E-1 3.8125E-1 3.94024E-1 2.13292E-1 4.695E-1 7.35916E-1 2.91577E-1 1.18411E-1 2.78731E-1 2.57833E-1 2.55358E-1
2.64564E-1 2.71943E-1 2.82145E-1 2.94739E-1 3.07436E-1 3.16778E-1 3.21723E-1 3.26743E-1 3.3934E-1 3.62876E-1 3.90498E-1 4.06835E-1 3.69422E-1 7.07226E-1 6.92275E-1 2.68286E-1 1.48366E-1 2.69778E-1 2.61698E-1 2.57287E-1
2.73707E-1 2.88906E-1 3.11295E-1 3.40738E-1 3.71927E-1 3.80053E-1 3.44018E-1 3.85811E-1 3.74405E-1 2.72476E-1 5.46246E-1 4.0105E-1 3.63347E-1 7.06282E-1 5.13428E-1 7.79648E-1 1.66612E-1 2.78559E-1 2.67356E-1 2.60342E-1
2.83156E-1 3.08252E-1 3.47921E-1 4.04075E-1 4.68044E-1 6.96889E-1 6.41874E-1 5.77738E-1 4.06058E-1 5.1396E-1 4.86244E-1 2.80975E-1 6.47951E-1 3.69901E-1 3.48214E-1 8.55505E-1 4.41483E-2 2.45553E-1 2.734E-1 2.63869E-1
2.88154E-1 3.20782E-1 3.75839E-1 4.59073E-1 6.08884E-1 8.83246E-1 6.35284E-1 7.02026E-1 4.67496E-1 4.3774E-1 3.89443E-1 7.32252E-1 5.81277E-1 7.8145E-1 8.16643E-1 3.71613E-1 1.77242E-1 1.80131E-1 2.7696E-1 2.66298E-1
2.85608E-1 3.18628E-1 3.77288E-1 5.53604E-1 6.40827E-1 8.30108E-1 9.07027E-1 7.99183E-1 5.55242E-1 9.86145E-1 5.21269E-1 2.03697E-1 3.00332E-1 2.35612E-1 4.41298E-1 3.74545E-1 3.02982E-1 1.86501E-1 2.75834E-1 2.66205E-1
2.7716E-1 3.03264E-1 3.51257E-1 2.90902E-1 6.7974E-1 7.73131E-1 8.14805E-1 8.09164E-1 6.30064E-1 8.27013E-1 6.78255E-1 2.43188E-1 2.27671E-1 2.19791E-1 3.0007E-1 3.60013E-1 3.73608E-1 8.32797E-2 2.60469E-1 2.63704E-1
2.67491E-1 2.83867E-1 5.63464E-1 5.59551E-1 5.98993E-1 9.96164E-1 6.862E-1 9.99989E-1 8.19157E-1 7.24236E-1 3.45566E-1 6.50947E-1 3.07297E-1 2.9658E-1 2.89007E-1 2.82656E-1 2.83598E-1 3.68684E-1 2.4294E-1 2.6047E-1
3.55176E-1 3.30817E-1 3.64118E-1 3.02292E-1 4.40652E-1 8.77615E-1 6.36223E-1 9.99958E-1 6.15896E-1 3.67913E-1 3.21091E-1 3.45421E-1 2.72227E-1 2.1223E-1 2.06135E-1 2.00304E-1 2.56382E-1 3.05752E-1 2.58001E-1 3.84434E-1
4.79255E-1 4.30001E-1 5.60646E-1 6.01057E-1 5.38054E-1 8.35005E-1 8.28915E-1 4.4668E-1 3.31927E-1 5.23399E-1 3.84397E-1 3.04696E-1 8.92776E-1 7.31727E-1 3.65241E-1 2.56265E-1 8.46095E-1 4.27434E-1 2.62682E-1 1.82659E-1
5.3522E-1 1.80844E-1 3.512E-1 4.22986E-1 1.12755E-1 5.9243E-1 3.94951E-1 5.79965E-1 6.92766E-1 6.98293E-1 4.2736E-1 5.0611E-1 8.72744E-1 5.92168E-1 3.07301E-1 5.72527E-1 3.52232E-1 8.77603E-1 3.9459E-1 3.19674E-1
4.43633E-1 3.13943E-1 5.69761E-1 3.93164E-1 1.57398E-1 5.67456E-1 2.41007E-1 2.35853E-1 4.17981E-1 4.10897E-1 4.01212E-1 5.25881E-1 7.39904E-1 3.97603E-1 3.10991E-1 3.63371E-1 9.92683E-1 5.61628E-1 4.25352E-1 1.89872E-1
1.87143E-1 2.1641E-1 4.43726E-1 6.97119E-1 2.54719E-1 2.55438E-1 2.56508E-1 2.58305E-1 2.39549E-1 4.49681E-1 3.95802E-1 4.10316E-1 9.64959E-1 3.71668E-1 4.95085E-1 3.37964E-1 2.83433E-1 9.39337E-1 4.25833E-1 2.7855E-1
1.74352E-1 1.78862E-1 1.9005E-1 2.15316E-1 2.53904E-1 2.54102E-1 2.54517E-1 2.55489E-1 2.57721E-1 2.23809E-1 7.55564E-1 4.09695E-1 6.13257E-1 2.65041E-1 5.54845E-1 3.20525E-1 4.54896E-1 4.21118E-1 2.17662E-1 2.0435E-1
1.72312E-1 1.72927E-1 1.74509E-1 1.78241E-1 1.87275E-1 2.13728E-1 2.5398E-1 2.54546E-1 2.56084E-1 2.59604E-1 3.62785E-1 9.00902E-1 7.07718E-1 7.59886E-1 4.95014E-1 5.61727E-1 6.51048E-1 3.82798E-1 2.20904E-1 2.5851E-1
1.72045E-1 1.72114E-1 1.72315E-1 1.72917E-1 1.75091E-1 1.84469E-1 2.28072E-1 2.54173E-1 2.55228E-1 2.57849E-1 2.63126E-1 2.71573E-1 4.24762E-1 3.15279E-1 2.09195E-1 8.07554E-1 1.98873E-1 1.37078E-1 1.36134E-1 2.57396E-1
1.72017E-1 1.72023E-1 1.7205E-1 1.72182E-1 1.72933E-1 1.77133E-1 1.98427E-1 2.53963E-1 2.54613E-1 2.56323E-1 2.59934E-1 2.65969E-1 2.73671E-1 3.17407E-1 4.39654E-1 6.93345E-1 3.33021E-1 9.39784E-2 2.6E-1 2.56421E-1
