현재 지정 모델/accident_1.asc
ncols         20
nrows         20
xllcorner     202043.92331028884
yllcorner     551161.691323056
cellsize      243.329816402587
NODATA_value  -9999
1.05014E-1 1.12672E-1 1.27651E-1 1.70608E-1 1.72967E-1 1.73542E-1 1.74764E-1 1.76875E-1 1.79757E-1 1.82701E-1 1.84602E-1 1.84611E-1 1.82744E-1 1.79847E-1 3.27337E-1 2.034E-1 1.73559E-1 1.71465E-1 1.39241E-1 1.03595E-1
1.60766E-1 1.72806E-1 1.72928E-1 1.73127E-1 1.73527E-1 1.74437E-1 1.76385E-1 1.79911E-1 1.85021E-1 1.90636E-1 1.94708E-1 1.95366E-1 1.92312E-1 1.87016E-1 5.73655E-1 2.8117E-1 2.01323E-1 1.16128E-1 1.72857E-1 1.26978E-1
1.73133E-1 1.73458E-1 1.73882E-1 1.74425E-1 1.75162E-1 1.76395E-1 1.78821E-1 1.83375E-1 1.90465E-1 1.98941E-1 2.0585E-1 2.07927E-1 2.04082E-1 1.96269E-1 3.39955E-1 1.68616E-1 3.12531E-1 7.66148E-2 1.72993E-1 1.72796E-1
1.74199E-1 1.75201E-1 1.76521E-1 1.78099E-1 1.79761E-1 1.8146E-1 1.83758E-1 1.87949E-1 1.95188E-1 2.04923E-1 2.13975E-1 2.17907E-1 1.51597E-1 6.24021E-1 6.50185E-1 1.85406E-1 5.39251E-2 2.03367E-1 1.73991E-1 1.73133E-1
1.76307E-1 1.78823E-1 1.82263E-1 1.86452E-1 1.90619E-1 1.93652E-1 1.95246E-1 1.96858E-1 2.00872E-1 2.08273E-1 2.16824E-1 1.97032E-1 2.19715E-1 5.99931E-1 6.85856E-1 1.82054E-1 1.20823E-1 1.78088E-1 1.75324E-1 1.73802E-1
1.79421E-1 1.8452E-1 1.91875E-1 2.01315E-1 2.11089E-1 2.17523E-1 2.17672E-1 2.15381E-1 2.11858E-1 1.05698E-1 3.5729E-1 2.2006E-1 1.97303E-1 6.30378E-1 3.49493E-1 8.68464E-1 3.89674E-1 1.81059E-1 1.77262E-1 1.74857E-1
1.82601E-1 1.90885E-1 2.03585E-1 2.20985E-1 1.6461E-1 5.34759E-1 2.34587E-1 1.96863E-1 1.58188E-1 2.73621E-1 2.41492E-1 1.61471E-1 7.98479E-1 2.1046E-1 2.03677E-1 7.74417E-1 4.06532E-1 1.82846E-1 1.79317E-1 1.76069E-1
1.84269E-1 1.94943E-1 2.12302E-1 2.37661E-1 3.44841E-1 8.57868E-1 4.10548E-1 3.84943E-1 1.86066E-1 2.31218E-1 2.165E-1 7.19108E-1 7.27336E-1 9.14022E-1 8.06468E-1 2.23285E-1 1.68244E-1 1.82037E-1 1.8052E-1 1.76901E-1
1.83421E-1 1.94249E-1 2.1275E-1 4.29862E-1 4.97377E-1 6.91647E-1 8.25034E-1 2.73743E-1 1.96586E-1 9.06477E-1 2.89588E-1 2.73866E-1 1.96855E-1 9.78135E-2 3.6082E-1 3.50904E-1 1.38767E-1 1.71051E-1 1.8014E-1 1.76869E-1
1.80587E-1 1.89256E-1 2.04635E-1 1.14742E-1 6.21653E-1 6.62169E-1 6.16232E-1 7.78685E-1 3.15485E-1 6.48616E-1 5.57187E-1 9.94647E-2 9.6063E-2 9.43049E-2 1.88209E-1 2.16169E-1 2.95277E-1 1.17483E-1 1.20488E-1 1.76012E-1
1.77308E-1 1.82839E-1 6.25078E-1 4.13058E-1 6.77159E-1 9.78317E-1 5.17363E-1 9.99975E-1 6.60042E-1 4.7733E-1 2.02626E-1 7.36313E-1 1.90574E-1 1.8706E-1 1.84553E-1 1.82434E-1 2.69008E-1 5.67149E-1 1.19336E-1 1.74901E-1
3.70173E-1 2.06612E-1 1.34187E-1 1.2615E-1 5.41502E-1 9.66714E-1 5.60453E-1 9.98518E-1 4.0862E-1 1.42799E-1 9.00747E-2 1.84093E-1 1.10425E-1 9.25967E-2 9.12035E-2 8.98561E-2 1.33728E-1 2.37854E-1 1.13857E-1 2.47768E-1
7.14887E-1 4.20906E-1 5.41795E-1 4.56788E-1 3.76067E-1 6.3895E-1 9.81105E-1 1.373E-1 1.34779E-1 4.6331E-1 5.40466E-1 1.26696E-1 9.01786E-1 9.21983E-1 2.17859E-1 1.06911E-1 8.0785E-1 2.25315E-1 1.75662E-1 9.85503E-2
1.84481E-1 8.52464E-2 5.3547E-1 4.11738E-1 1.7233E-1 6.66517E-1 5.69693E-1 2.59276E-1 5.33777E-1 6.40884E-1 2.35483E-1 4.61521E-1 8.63311E-1 3.7482E-1 1.90575E-1 5.8529E-1 1.45498E-1 8.33472E-1 5.15543E-1 2.02906E-1
2.52151E-1 1.93062E-1 4.85581E-1 4.18459E-1 1.79573E-1 5.49234E-1 1.18838E-1 1.02313E-1 1.79457E-1 2.4026E-1 2.0427E-1 3.5519E-1 7.46834E-1 1.82026E-1 1.30027E-1 1.07929E-1 9.61923E-1 3.68934E-1 2.86075E-1 1.09972E-1
9.673E-2 1.04667E-1 3.01929E-1 6.05281E-1 1.72912E-1 1.73161E-1 1.73532E-1 1.74154E-1 1.75294E-1 7.0047E-1 2.25598E-1 3.70654E-1 9.28348E-1 3.4957E-1 5.79635E-1 2.44072E-1 1.21824E-1 9.95736E-1 5.45205E-1 2.20601E-1
9.31199E-2 9.4404E-2 9.75376E-2 1.04377E-1 1.18441E-1 1.495E-1 1.72841E-1 1.73179E-1 1.73952E-1 1.74519E-1 7.02329E-1 2.41513E-1 7.83588E-1 1.80921E-1 3.8349E-1 1.62244E-1 2.82419E-1 4.32379E-1 6.7966E-2 1.73148E-1
9.2535E-2 9.27116E-2 9.31647E-2 9.42278E-2 9.67668E-2 1.03956E-1 1.29511E-1 1.72851E-1 1.73385E-1 1.74602E-1 3.73953E-1 9.97065E-1 8.40921E-1 9.60423E-1 5.331E-1 4.22866E-1 5.77042E-1 2.04194E-1 3.29471E-1 1.74225E-1
9.24581E-2 9.24781E-2 9.25359E-2 9.27088E-2 9.33311E-2 9.59831E-2 1.07724E-1 1.62412E-1 1.73088E-1 1.73996E-1 1.75814E-1 1.78698E-1 4.04335E-1 2.89018E-1 9.19049E-2 7.23686E-1 8.95232E-2 1.48379E-1 1.1582E-1 1.73839E-1
9.245E-2 9.2452E-2 9.24597E-2 9.24974E-2 9.27133E-2 9.39132E-2 9.98396E-2 1.26919E-1 1.72875E-1 1.73468E-1 1.74716E-1 1.76788E-1 1.79409E-1 2.11237E-1 4.31039E-1 7.27454E-1 3.31285E-1 1.15196E-1 1.74739E-1 1.73502E-1
