현재 지정 모델/accident_27.asc
ncols         20
nrows         20
xllcorner     202043.92331028884
yllcorner     551161.691323056
cellsize      243.329816402587
NODATA_value  -9999
7.58391E-2 7.6752E-2 7.84076E-2 8.24567E-2 9.42509E-2 1.30977E-1 2.54529E-1 2.74278E-1 2.81436E-1 2.88793E-1 2.93567E-1 2.9359E-1 2.889E-1 2.81659E-1 3.02349E-1 3.03601E-1 1.32211E-1 6.3505E-2 7.95897E-2 7.56643E-2
8.16023E-2 8.58424E-2 9.21496E-2 1.03339E-1 1.29866E-1 2.1432E-1 2.73066E-1 2.81819E-1 2.94621E-1 3.08831E-1 3.19219E-1 3.20905E-1 3.13097E-1 2.99654E-1 7.63805E-1 3.64016E-1 1.95285E-1 8.47627E-2 8.84465E-2 7.83365E-2
1.03714E-1 1.24851E-1 1.58395E-1 2.12909E-1 2.70046E-1 2.7309E-1 2.79108E-1 2.90485E-1 3.08394E-1 3.30088E-1 3.47959E-1 3.53361E-1 3.43373E-1 3.23218E-1 3.76995E-1 2.62102E-1 1.26921E-1 7.92776E-2 1.03649E-1 8.53542E-2
1.88483E-1 2.70142E-1 2.73401E-1 2.77312E-1 2.81447E-1 2.85687E-1 2.91445E-1 3.02012E-1 3.20449E-1 3.45552E-1 3.69153E-1 3.79466E-1 3.69951E-1 3.99457E-1 5.97114E-1 2.95592E-1 1.20451E-1 2.4976E-1 1.68222E-1 1.03748E-1
2.72873E-1 2.79112E-1 2.87695E-1 2.9823E-1 3.08788E-1 3.16517E-1 3.20597E-1 3.2473E-1 3.35067E-1 3.54262E-1 3.76622E-1 4.19371E-1 4.36493E-1 6.82236E-1 4.29984E-1 3.98682E-1 1.13731E-1 2.77284E-1 2.70443E-1 1.51494E-1
2.80599E-1 2.93359E-1 3.11984E-1 3.36212E-1 3.61607E-1 3.60369E-1 3.10136E-1 3.72839E-1 3.63614E-1 3.64451E-1 6.22513E-1 3.85125E-1 2.93899E-1 6.40628E-1 5.67225E-1 7.52527E-1 1.28024E-1 2.84684E-1 2.75237E-1 2.6702E-1
2.88544E-1 3.09464E-1 3.42082E-1 3.87559E-1 4.38766E-1 6.57305E-1 5.64929E-1 5.10377E-1 4.69767E-1 6.66782E-1 6.00072E-1 4.0194E-1 6.25011E-1 3.59964E-1 3.42322E-1 8.4193E-1 1.48977E-2 2.33639E-1 2.8034E-1 2.72284E-1
2.9273E-1 3.19822E-1 3.64776E-1 4.31606E-1 6.13978E-1 8.73087E-1 6.70982E-1 6.88947E-1 5.13237E-1 4.14559E-1 3.75771E-1 8.32482E-1 3.26843E-1 5.02452E-1 7.69706E-1 3.52093E-1 1.56098E-1 1.48203E-1 2.83339E-1 2.74341E-1
2.90598E-1 3.18045E-1 3.65949E-1 4.79178E-1 5.28813E-1 8.92305E-1 7.30673E-1 8.54251E-1 5.82293E-1 9.22198E-1 5.55619E-1 2.17022E-1 3.79097E-1 3.25802E-1 3.4933E-1 3.40972E-1 3.07779E-1 1.60232E-1 2.8239E-1 2.74263E-1
2.83507E-1 3.05325E-1 3.44805E-1 4.63144E-1 3.21557E-1 7.62342E-1 5.12117E-1 7.46539E-1 4.82619E-1 7.04468E-1 7.26801E-1 3.94567E-1 3.17271E-1 3.08728E-1 3.0267E-1 3.39309E-1 4.32712E-1 6.11631E-2 2.63232E-1 2.72144E-1
2.7535E-1 2.8914E-1 7.04141E-1 5.89109E-1 8.13494E-1 9.98949E-1 8.03268E-1 9.99989E-1 6.99803E-1 7.35423E-1 4.00227E-1 5.56166E-1 3.08672E-1 2.99764E-1 2.93444E-1 2.88124E-1 3.54978E-1 3.23735E-1 3.14711E-1 2.694E-1
3.61678E-1 3.16089E-1 6.12414E-1 2.65274E-1 3.16618E-1 7.74043E-1 4.99296E-1 9.99882E-1 4.3104E-1 3.58352E-1 4.0187E-1 3.62568E-1 4.14026E-1 3.00455E-1 2.93731E-1 2.87249E-1 3.28021E-1 3.43456E-1 3.40513E-1 2.53056E-1
1.47249E-1 3.7048E-1 4.5604E-1 4.37503E-1 4.18374E-1 8.45371E-1 4.8653E-1 4.83127E-1 3.2899E-1 5.28472E-1 3.48588E-1 2.67065E-1 7.713E-1 4.36949E-1 3.43448E-1 3.35126E-1 7.53116E-1 2.96008E-1 2.71278E-1 2.11268E-1
1.54346E-1 1.32585E-1 2.68801E-1 2.53152E-1 7.93211E-2 5.51955E-1 2.92297E-1 7.40672E-1 7.24523E-1 6.30982E-1 4.98412E-1 5.1316E-1 9.72878E-1 4.79116E-1 3.08675E-1 2.33073E-1 3.93747E-1 6.11508E-1 3.70951E-1 2.91289E-1
2.17223E-1 9.57181E-2 2.42262E-1 1.90587E-1 7.71021E-2 9.63503E-1 3.12746E-1 3.72325E-1 4.92002E-1 3.83866E-1 5.89588E-1 7.09769E-1 5.14848E-1 5.01813E-1 3.69619E-1 5.10408E-1 9.80169E-1 4.93003E-1 4.86456E-1 2.02906E-1
7.47912E-2 7.57965E-2 2.01861E-1 3.54136E-1 9.12754E-2 1.05416E-1 1.30239E-1 2.22066E-1 3.11262E-1 6.90153E-1 4.69873E-1 4.83067E-1 9.25237E-1 3.38746E-1 4.22912E-1 4.55419E-1 2.51181E-1 9.1406E-1 4.86883E-1 1.85913E-1
7.43125E-2 7.44844E-2 7.48964E-2 7.57609E-2 7.74085E-2 8.05758E-2 8.76321E-2 1.06501E-1 1.6466E-1 2.59954E-1 7.00703E-1 5.14733E-1 6.93483E-1 3.34333E-1 5.00324E-1 4.53231E-1 4.18111E-1 4.25864E-1 2.81882E-1 2.02503E-1
7.42335E-2 7.42574E-2 7.43185E-2 7.44609E-2 7.4796E-2 7.57089E-2 7.86026E-2 8.81499E-2 1.19827E-1 2.33913E-1 3.78161E-1 9.83807E-1 6.40598E-1 6.88751E-1 4.72509E-1 5.31716E-1 6.28111E-1 4.87843E-1 2.14502E-1 1.91169E-1
7.42231E-2 7.42259E-2 7.42337E-2 7.4257E-2 7.43409E-2 7.46933E-2 7.61678E-2 8.17479E-2 1.01088E-1 1.68735E-1 2.71654E-1 2.788E-1 5.74224E-1 3.36612E-1 2.97114E-1 7.70655E-1 2.85652E-1 2.12321E-1 1.05781E-1 1.54709E-1
7.4222E-2 7.42223E-2 7.42234E-2 7.42285E-2 7.42577E-2 7.44189E-2 7.51925E-2 7.83302E-2 8.93579E-2 1.25586E-1 2.48281E-1 2.74063E-1 2.80569E-1 3.74353E-1 3.09855E-1 7.00785E-1 3.662E-1 6.12827E-2 2.51258E-1 1.28023E-1
