현재 지정 모델/accident_6.asc
ncols         20
nrows         20
xllcorner     202043.92331028884
yllcorner     551161.691323056
cellsize      243.329816402587
NODATA_value  -9999
9.2819E-2 9.5466E-2 1.00369E-1 1.12912E-1 1.53846E-1 2.75687E-1 2.78407E-1 2.83118E-1 2.89567E-1 2.96177E-1 3.00457E-1 3.00477E-1 2.96273E-1 2.89767E-1 4.21506E-1 3.08621E-1 2.75724E-1 9.62284E-2 1.0395E-1 9.23168E-2
1.10201E-1 1.24E-1 1.46083E-1 1.89661E-1 2.75654E-1 2.77679E-1 2.82023E-1 2.89911E-1 3.014E-1 3.14093E-1 3.23335E-1 3.24832E-1 3.17892E-1 3.05903E-1 5.92406E-1 6.15456E-1 1.96135E-1 1.9937E-1 1.32894E-1 1.00155E-1
1.91214E-1 2.75499E-1 2.76443E-1 2.77652E-1 2.79296E-1 2.82045E-1 2.87471E-1 2.97694E-1 3.13704E-1 3.32974E-1 3.48758E-1 3.53515E-1 3.44714E-1 3.26885E-1 4.37201E-1 3.66562E-1 1.11113E-1 7.80985E-2 2.04938E-1 1.22368E-1
2.77148E-1 2.79382E-1 2.82326E-1 2.85853E-1 2.89577E-1 2.93388E-1 2.98555E-1 3.0801E-1 3.24427E-1 3.46637E-1 3.67387E-1 3.7642E-1 2.41761E-1 6.20404E-1 8.99244E-1 3.0227E-1 1.48307E-1 2.41225E-1 2.76685E-1 1.91355E-1
2.81849E-1 2.87474E-1 2.95192E-1 3.0463E-1 3.14055E-1 3.20934E-1 3.24559E-1 3.28226E-1 3.37379E-1 3.54308E-1 3.73931E-1 4.48483E-1 3.25886E-1 7.86959E-1 7.82093E-1 2.88605E-1 1.08368E-1 2.85828E-1 2.79655E-1 2.76265E-1
2.88814E-1 3.00271E-1 3.16902E-1 3.38391E-1 3.60764E-1 3.54623E-1 2.97209E-1 3.70617E-1 3.62527E-1 2.40438E-1 7.18866E-1 3.81369E-1 3.05682E-1 6.18406E-1 3.50371E-1 9.6375E-1 1.09593E-1 2.92487E-1 2.83982E-1 2.78614E-1
2.95953E-1 3.14657E-1 3.43576E-1 3.83496E-1 4.53543E-1 7.92834E-1 7.61702E-1 5.10369E-1 3.72562E-1 5.62695E-1 8.46743E-1 3.79423E-1 6.70999E-1 3.59321E-1 3.43787E-1 8.27562E-1 8.37362E-3 2.31355E-1 2.8858E-1 2.81318E-1
2.99707E-1 3.2387E-1 3.63547E-1 4.2184E-1 6.28016E-1 4.49251E-1 5.27106E-1 5.35516E-1 3.58006E-1 4.0703E-1 3.73186E-1 6.98096E-1 6.98464E-1 7.88409E-1 7.35168E-1 5.54783E-1 1.46407E-1 1.36019E-1 2.91278E-1 2.83175E-1
2.97796E-1 3.22292E-1 3.64576E-1 6.02789E-1 5.31423E-1 7.03827E-1 6.9841E-1 9.52487E-1 4.56682E-1 8.2395E-1 4.53595E-1 1.22535E-1 3.22655E-1 2.15919E-1 8.30666E-1 4.63565E-1 3.64572E-1 8.44866E-2 2.90425E-1 2.83104E-1
2.91429E-1 3.10967E-1 3.45977E-1 2.27427E-1 6.25972E-1 5.0645E-1 6.83354E-1 6.64133E-1 7.87891E-1 9.60175E-1 7.19129E-1 2.02788E-1 2.10538E-1 2.0516E-1 3.08598E-1 3.35751E-1 5.53815E-1 3.80187E-2 2.87485E-1 2.81191E-1
2.84085E-1 2.96488E-1 6.50111E-1 4.51529E-1 8.6207E-1 9.99495E-1 8.00867E-1 9.58172E-1 9.3276E-1 7.86018E-1 2.96892E-1 9.28414E-1 3.13952E-1 3.06002E-1 3.00346E-1 2.95576E-1 2.33402E-1 5.35661E-1 2.55837E-1 2.78712E-1
3.85289E-1 3.15419E-1 3.68882E-1 3.30767E-1 5.02267E-1 8.14814E-1 5.63194E-1 9.77061E-1 5.64506E-1 3.80702E-1 4.35501E-1 2.25831E-1 2.09349E-1 1.9996E-1 1.95738E-1 1.91673E-1 4.98809E-1 2.84402E-1 3.99637E-1 7.07813E-1
8.08986E-1 4.22389E-1 8.1118E-1 5.00116E-1 8.07887E-1 7.04634E-1 7.72958E-1 5.73089E-1 3.53636E-1 5.68043E-1 5.86052E-1 3.32636E-1 9.36504E-1 8.21092E-1 3.39363E-1 2.18001E-1 8.36428E-1 3.63041E-1 2.80409E-1 2.35022E-1
8.28883E-1 1.23862E-1 3.28508E-1 6.06602E-1 6.71485E-2 9.58763E-1 8.35443E-1 5.43689E-1 6.15887E-1 8.99141E-1 5.3851E-1 3.32098E-1 6.62566E-1 6.54737E-1 3.13955E-1 3.22011E-1 3.25356E-1 7.63206E-1 6.46875E-1 2.83601E-1
3.07922E-1 1.25186E-1 7.62631E-1 3.68237E-1 1.40161E-1 9.44229E-1 2.54369E-1 1.87876E-1 7.22527E-1 5.71066E-1 4.99944E-1 5.09518E-1 8.78673E-1 6.44596E-1 3.11829E-1 6.35006E-1 8.48745E-1 4.41784E-1 3.95541E-1 9.47998E-2
8.98302E-2 9.26964E-2 2.67065E-1 1.82864E-1 1.42913E-1 1.9834E-1 2.75665E-1 2.54998E-1 2.36624E-1 8.39071E-1 5.12498E-1 6.42198E-1 6.03151E-1 4.61182E-1 4.16429E-1 2.93145E-1 3.15977E-1 7.23636E-1 3.5001E-1 1.76612E-1
8.84824E-2 8.89652E-2 9.01278E-2 9.2594E-2 9.73943E-2 1.06988E-1 1.30079E-1 2.0294E-1 2.76599E-1 1.98285E-1 7.74865E-1 7.28875E-1 5.60187E-1 3.1024E-1 4.94147E-1 4.90058E-1 6.48995E-1 4.08821E-1 1.92272E-1 1.71951E-1
8.82613E-2 8.83281E-2 8.84994E-2 8.88992E-2 8.98438E-2 9.24448E-2 1.00955E-1 1.31865E-1 2.63133E-1 2.78047E-1 3.91122E-1 9.54856E-1 9.69289E-1 8.27576E-1 6.95485E-1 9.68756E-1 9.2249E-1 5.32158E-1 1.98862E-1 2.77206E-1
8.82321E-2 8.82397E-2 8.82616E-2 8.83271E-2 8.85621E-2 8.95538E-2 9.37675E-2 1.1066E-1 1.80456E-1 2.76698E-1 2.80748E-1 2.87193E-1 7.91926E-1 2.78259E-1 1.97861E-1 8.55204E-1 1.90671E-1 1.31784E-1 1.01657E-1 2.76349E-1
8.82291E-2 8.82298E-2 8.82327E-2 8.8247E-2 8.83288E-2 8.87811E-2 9.09684E-2 1.00137E-1 1.36082E-1 2.75522E-1 2.783E-1 2.82923E-1 2.88786E-1 2.7668E-1 7.2985E-1 7.04617E-1 3.98145E-1 5.38279E-2 2.78351E-1 2.75598E-1
