현재 지정 모델/accident_8.asc
ncols         20
nrows         20
xllcorner     202043.92331028884
yllcorner     551161.691323056
cellsize      243.329816402587
NODATA_value  -9999
1.22308E-1 1.33954E-1 1.573E-1 2.27534E-1 2.31615E-1 2.32878E-1 2.35565E-1 2.4023E-1 2.4664E-1 2.53238E-1 2.57524E-1 2.57545E-1 2.53334E-1 2.4684E-1 3.12473E-1 3.22698E-1 2.32914E-1 6.04916E-2 1.7582E-1 1.20174E-1
2.11091E-1 2.31262E-1 2.3153E-1 2.31965E-1 2.32845E-1 2.34845E-1 2.39145E-1 2.46984E-1 2.58471E-1 2.71256E-1 2.80625E-1 2.82148E-1 2.75102E-1 2.62996E-1 8.68108E-1 2.62145E-1 7.64835E-2 2.59807E-2 2.31375E-1 1.56236E-1
2.31979E-1 2.32692E-1 2.33624E-1 2.34818E-1 2.36444E-1 2.39167E-1 2.44554E-1 2.54756E-1 2.70862E-1 2.90451E-1 3.06652E-1 3.11563E-1 3.02489E-1 2.84238E-1 5.73955E-1 3.81173E-1 2.06173E-2 1.89478E-3 1.22767E-1 2.31241E-1
2.3432E-1 2.36529E-1 2.39445E-1 2.42946E-1 2.4665E-1 2.50451E-1 2.55618E-1 2.65116E-1 2.81736E-1 3.04467E-1 3.25949E-1 3.3537E-1 3.8049E-1 5.55826E-1 8.77485E-1 2.59343E-1 5.07949E-2 1.1778E-1 2.33863E-1 2.3198E-1
2.38972E-1 2.44558E-1 2.52253E-1 2.61715E-1 2.71217E-1 2.78187E-1 2.8187E-1 2.85604E-1 2.94958E-1 3.12382E-1 3.3277E-1 2.86335E-1 3.3972E-1 5.88151E-1 8.24903E-1 3.56418E-1 6.61402E-3 2.42921E-1 2.36799E-1 2.33448E-1
2.4589E-1 2.57338E-1 2.74098E-1 2.95995E-1 3.19068E-1 1.83195E-1 1.22919E-1 3.29313E-1 3.20897E-1 3.29201E-1 3.1559E-1 3.4055E-1 3.48739E-1 8.13799E-1 7.19327E-1 9.7428E-1 1.66463E-2 2.49551E-1 2.41088E-1 2.35769E-1
2.53014E-1 2.71826E-1 3.01318E-1 3.4278E-1 1.87315E-1 3.12989E-1 4.22765E-1 2.71063E-1 1.75201E-1 4.78159E-1 1.17361E-1 3.61358E-1 8.71293E-1 3.17572E-1 3.01535E-1 9.46198E-1 8.56695E-5 8.97946E-2 2.45658E-1 2.38446E-1
2.56773E-1 2.8117E-1 3.21956E-1 3.83355E-1 2.95768E-1 1.37712E-1 5.36661E-1 6.30953E-1 3.72627E-1 3.67601E-1 3.31993E-1 9.74689E-1 7.60684E-1 9.53201E-1 7.83838E-1 4.12042E-1 5.11765E-3 2.88291E-2 2.48346E-1 2.40286E-1
2.54858E-1 2.79566E-1 3.23025E-1 4.9228E-1 3.25854E-1 3.07622E-1 7.74877E-1 7.17611E-1 2.83034E-1 4.47856E-1 5.72037E-1 1.41777E-2 5.07106E-1 2.93479E-1 4.35455E-1 3.51932E-1 4.97753E-1 3.70497E-2 2.47495E-1 2.40216E-1
2.48496E-1 2.68098E-1 3.03788E-1 3.70624E-1 2.15382E-1 8.37801E-1 7.31036E-1 8.58544E-1 6.3008E-1 9.09685E-1 7.5896E-1 3.00916E-1 2.85626E-1 2.77774E-1 2.65709E-1 3.54606E-1 3.73004E-1 9.5735E-4 5.64469E-2 2.3832E-1
2.4119E-1 2.53549E-1 7.70253E-1 6.77119E-1 2.85937E-1 9.98534E-1 7.31077E-1 9.80516E-1 8.01773E-1 5.10703E-1 3.71829E-1 8.57529E-1 2.71113E-1 2.63095E-1 2.57413E-1 2.52637E-1 3.97108E-1 4.63645E-1 1.0853E-1 2.35866E-1
3.55071E-1 3.30676E-1 4.94477E-1 4.10245E-1 6.69029E-2 9.73106E-1 6.23944E-1 9.67517E-1 6.02313E-1 1.47375E-1 2.94986E-1 3.91476E-1 3.75181E-1 2.7018E-1 2.64016E-1 2.5808E-1 2.3384E-1 4.41357E-1 5.53609E-1 2.18345E-1
7.24185E-1 4.69645E-1 6.50594E-1 3.85043E-1 8.79813E-2 6.8733E-1 9.23885E-1 3.70301E-2 1.33589E-1 6.15448E-1 4.56144E-1 4.127E-1 9.87717E-1 9.46536E-1 3.58866E-1 3.58319E-1 9.23833E-1 1.68712E-1 2.37545E-1 1.45498E-1
4.68241E-1 2.37982E-1 5.93113E-1 4.45894E-1 7.13238E-3 6.38809E-1 5.79861E-1 2.37467E-1 6.56356E-1 8.95404E-1 3.83328E-1 7.34089E-1 6.5905E-1 3.69425E-1 2.71116E-1 6.76685E-1 1.64429E-1 9.35181E-1 4.45143E-1 3.21473E-1
3.08786E-1 3.01719E-1 8.02569E-1 4.65222E-1 1.03093E-2 4.33664E-1 1.07756E-1 3.36312E-1 1.65095E-1 1.72215E-1 6.4501E-1 7.67513E-1 8.74709E-1 3.76894E-1 1.25664E-1 6.59448E-1 9.82161E-1 5.16293E-1 2.50531E-1 2.21512E-2
1.09959E-1 1.21785E-1 4.01499E-1 3.96127E-1 2.31494E-1 2.32041E-1 2.32856E-1 2.34222E-1 2.36734E-1 1.33643E-1 3.59009E-1 4.68293E-1 9.44381E-1 3.4966E-1 4.09314E-1 5.32117E-1 3.90783E-1 6.9192E-1 8.05989E-1 2.49437E-2
1.04664E-1 1.06541E-1 1.11151E-1 1.21349E-1 1.4286E-1 1.925E-1 2.3134E-1 2.3208E-1 2.33778E-1 8.25822E-2 8.70989E-1 3.51658E-1 8.58555E-1 3.53093E-1 3.23492E-1 2.58303E-1 6.32333E-1 4.90449E-1 7.09154E-2 6.15728E-2
1.03812E-1 1.04069E-1 1.0473E-1 1.06283E-1 1.10013E-1 1.20716E-1 1.60247E-1 2.31362E-1 2.32533E-1 2.35208E-1 3.61333E-1 9.01773E-1 9.10502E-1 6.3064E-1 8.93663E-1 5.62025E-1 8.23469E-1 6.00573E-1 6.84254E-2 2.34378E-1
1.037E-1 1.03729E-1 1.03813E-1 1.04065E-1 1.04973E-1 1.08859E-1 1.26404E-1 2.13829E-1 2.31881E-1 2.33875E-1 2.37882E-1 2.44278E-1 2.5271E-1 4.61305E-1 2.67116E-1 8.54635E-1 2.56617E-1 6.66487E-2 6.1275E-3 2.33531E-1
1.03688E-1 1.03691E-1 1.03702E-1 1.03757E-1 1.04072E-1 1.05823E-1 1.14563E-1 1.56143E-1 2.31414E-1 2.32715E-1 2.35459E-1 2.40037E-1 2.45863E-1 3.42221E-1 5.33612E-1 5.56625E-1 3.18979E-1 1.64941E-3 2.3551E-1 2.32789E-1
