현재 지정 모델/accident_20.asc
ncols         20
nrows         20
xllcorner     202043.92331028884
yllcorner     551161.691323056
cellsize      243.329816402587
NODATA_value  -9999
2.20498E-1 2.51161E-1 2.57976E-1 2.58192E-1 2.5877E-1 2.60215E-1 2.63292E-1 2.68633E-1 2.75971E-1 2.83521E-1 2.88424E-1 2.88448E-1 2.83631E-1 2.762E-1 3.14698E-1 2.99128E-1 2.60257E-1 1.18424E-1 2.5804E-1 2.14966E-1
2.58147E-1 2.58365E-1 2.58672E-1 2.59171E-1 2.60177E-1 2.62468E-1 2.67391E-1 2.76364E-1 2.89507E-1 3.04125E-1 3.14828E-1 3.16566E-1 3.08519E-1 2.94682E-1 5.24082E-1 2.78413E-1 1.27138E-1 1.1356E-1 2.58495E-1 2.57972E-1
2.59186E-1 2.60002E-1 2.61069E-1 2.62437E-1 2.64298E-1 2.67416E-1 2.73583E-1 2.85258E-1 3.03675E-1 3.26042E-1 3.44509E-1 3.50099E-1 3.39766E-1 3.18952E-1 3.18739E-1 4.43009E-1 6.07658E-2 3.82905E-2 1.8396E-1 2.58341E-1
2.61867E-1 2.64396E-1 2.67734E-1 2.71742E-1 2.75982E-1 2.80332E-1 2.86244E-1 2.97107E-1 3.16096E-1 3.4202E-1 3.66457E-1 3.77151E-1 2.98985E-1 4.57632E-1 8.51839E-1 2.90505E-1 1.04907E-1 1.67162E-1 2.61344E-1 2.59188E-1
2.67193E-1 2.73587E-1 2.82394E-1 2.93217E-1 3.0408E-1 3.12043E-1 3.16249E-1 3.20512E-1 3.31183E-1 3.51031E-1 3.74202E-1 5.16544E-1 3.97672E-1 5.86414E-1 6.30555E-1 2.60669E-1 5.03983E-2 2.71714E-1 2.64705E-1 2.60868E-1
2.75113E-1 2.88211E-1 3.07372E-1 3.32366E-1 3.58637E-1 2.73991E-1 2.15889E-1 3.70278E-1 3.60717E-1 2.56286E-1 8.38474E-1 3.83025E-1 3.98923E-1 5.59302E-1 3.51745E-1 6.57161E-1 4.76931E-2 2.79303E-1 2.69615E-1 2.63526E-1
2.83265E-1 3.04776E-1 3.38432E-1 3.85552E-1 4.22713E-1 4.01698E-1 7.5963E-1 4.89866E-1 4.14645E-1 4.79594E-1 6.45904E-1 4.13352E-1 7.65741E-1 3.56936E-1 3.3868E-1 6.04487E-1 1.73804E-3 1.57942E-1 2.74846E-1 2.6659E-1
2.87565E-1 3.15449E-1 3.6192E-1 4.31359E-1 5.83035E-1 2.42044E-1 6.19268E-1 6.31529E-1 6.10442E-1 4.13615E-1 3.73319E-1 5.15738E-1 8.12843E-1 8.86167E-1 8.21102E-1 5.23103E-1 6.74576E-2 7.83087E-2 2.77923E-1 2.68698E-1
2.85375E-1 3.13618E-1 3.63136E-1 5.04378E-1 4.15664E-1 5.54055E-1 9.89755E-1 8.11545E-1 5.63004E-1 9.3821E-1 4.86094E-1 3.25884E-2 3.03185E-1 2.25885E-1 7.11768E-1 3.56202E-1 5.31864E-1 7.91144E-2 2.7695E-1 2.68617E-1
2.78095E-1 3.00516E-1 3.41247E-1 3.05094E-1 5.31327E-1 7.22922E-1 9.80641E-1 7.40081E-1 7.41746E-1 9.36675E-1 5.73708E-1 2.42861E-1 2.19275E-1 2.12692E-1 2.97784E-1 3.30703E-1 4.61353E-1 1.54685E-2 1.85257E-1 2.66447E-1
2.69732E-1 2.83877E-1 6.95922E-1 5.16125E-1 4.15399E-1 9.98836E-1 6.85896E-1 9.5471E-1 9.70544E-1 9.06137E-1 3.92528E-1 8.91841E-1 3.03962E-1 2.94795E-1 2.88298E-1 2.82834E-1 3.56059E-1 3.71335E-1 2.68139E-1 2.63637E-1
3.28428E-1 3.07001E-1 2.93082E-1 4.83613E-1 2.68639E-1 8.03574E-1 4.83052E-1 9.98858E-1 6.38536E-1 3.41256E-1 4.34063E-1 3.45414E-1 2.53084E-1 2.06351E-1 2.01222E-1 1.96298E-1 3.77959E-1 2.32571E-1 3.96793E-1 3.31635E-1
5.70565E-1 3.6971E-1 7.52613E-1 3.81474E-1 6.74192E-1 7.93548E-1 9.86549E-1 4.88226E-1 3.11791E-1 4.82314E-1 4.13886E-1 4.86422E-1 7.70827E-1 8.46294E-1 3.34936E-1 2.29511E-1 6.86155E-1 5.67384E-1 2.6556E-1 2.10352E-1
9.57875E-1 1.8832E-1 4.07463E-1 6.36848E-1 3.14542E-2 9.8174E-1 5.82067E-1 3.2431E-1 8.85655E-1 7.11525E-1 3.65527E-1 4.55521E-1 3.88887E-1 4.42219E-1 3.03965E-1 9.48571E-1 3.24795E-1 9.32899E-1 5.33715E-1 3.10979E-1
5.58788E-1 2.93243E-1 6.84353E-1 3.6572E-1 1.65044E-2 7.54637E-1 2.66334E-1 2.23384E-1 5.57128E-1 4.74919E-1 3.46814E-1 3.70335E-1 9.40231E-1 6.33034E-1 3.07494E-1 4.91249E-1 9.46749E-1 5.20959E-1 3.03874E-1 9.44466E-2
1.8893E-1 2.19138E-1 4.24587E-1 2.93287E-1 2.58631E-1 2.59258E-1 2.6019E-1 2.73551E-1 2.76532E-1 2.51481E-1 3.40986E-1 4.00687E-1 8.16605E-1 3.5381E-1 5.01361E-1 3.00175E-1 4.61258E-1 8.42206E-1 3.30359E-1 1.45421E-1
1.75753E-1 1.80398E-1 1.91928E-1 2.18008E-1 2.57921E-1 2.58093E-1 2.58455E-1 2.59302E-1 2.61246E-1 1.52276E-1 6.4824E-1 5.91398E-1 5.09091E-1 2.46697E-1 4.13282E-1 5.78785E-1 5.90442E-1 3.88619E-1 1.31086E-1 1.2654E-1
1.73653E-1 1.74286E-1 1.75915E-1 1.79758E-1 1.89067E-1 2.16367E-1 2.57986E-1 2.5848E-1 2.59821E-1 2.62884E-1 3.34615E-1 9.48344E-1 7.27147E-1 8.9345E-1 5.51576E-1 7.70468E-1 6.99175E-1 5.74214E-1 1.2105E-1 2.61933E-1
1.73378E-1 1.7345E-1 1.73656E-1 1.74276E-1 1.76514E-1 1.86174E-1 2.31194E-1 2.58155E-1 2.59074E-1 2.61357E-1 2.65945E-1 2.73267E-1 5.81464E-1 3.64613E-1 2.038E-1 8.13793E-1 1.95087E-1 8.64802E-2 4.66128E-2 2.60963E-1
1.73349E-1 1.73356E-1 1.73384E-1 1.73519E-1 1.74292E-1 1.78617E-1 2.0057E-1 2.57972E-1 2.58539E-1 2.60029E-1 2.63171E-1 2.68413E-1 2.75081E-1 3.32148E-1 5.32716E-1 8.41645E-1 3.3536E-1 2.04085E-2 2.63229E-1 2.60114E-1
