현재 지정 모델/accident_19.asc
ncols         20
nrows         20
xllcorner     202043.92331028884
yllcorner     551161.691323056
cellsize      243.329816402587
NODATA_value  -9999
1.52068E-1 1.66597E-1 1.69802E-1 1.69973E-1 1.7043E-1 1.71574E-1 1.74014E-1 1.78268E-1 1.84148E-1 1.90243E-1 1.94224E-1 1.94243E-1 1.90331E-1 1.84333E-1 2.52321E-1 2.37682E-1 1.71607E-1 5.87742E-2 1.69853E-1 1.49403E-1
1.69938E-1 1.7011E-1 1.70353E-1 1.70747E-1 1.71544E-1 1.7336E-1 1.77277E-1 1.84465E-1 1.95105E-1 2.07095E-1 2.15977E-1 2.17428E-1 2.10731E-1 1.99331E-1 4.92693E-1 1.96009E-2 7.42223E-2 2.92611E-3 1.70212E-1 1.69799E-1
1.7076E-1 1.71406E-1 1.72251E-1 1.73335E-1 1.74814E-1 1.77297E-1 1.8223E-1 1.91651E-1 2.06723E-1 2.25376E-1 2.4106E-1 2.45859E-1 2.37008E-1 2.19422E-1 2.00306E-1 1.60506E-1 3.13522E-2 2.95803E-5 1.10484E-1 1.70091E-1
1.72883E-1 1.74892E-1 1.77551E-1 1.80755E-1 1.84158E-1 1.87663E-1 1.92451E-1 2.01318E-1 2.17035E-1 2.38932E-1 2.60033E-1 2.69409E-1 1.33855E-1 3.71664E-1 9.01306E-1 1.95919E-1 5.46734E-2 1.09339E-1 1.72468E-1 1.70761E-1
1.77119E-1 1.82234E-1 1.8933E-1 1.98133E-1 2.07058E-1 2.13657E-1 2.17163E-1 2.20729E-1 2.29717E-1 2.46661E-1 2.66814E-1 2.80043E-1 2.73762E-1 7.78859E-2 8.23072E-1 1.62529E-1 8.87782E-4 1.80732E-1 1.75137E-1 1.72091E-1
1.83459E-1 1.9405E-1 2.09781E-1 2.30718E-1 2.53232E-1 1.77851E-1 1.25103E-1 2.63373E-1 2.55036E-1 1.42554E-1 4.95753E-1 2.74594E-1 6.73825E-1 7.7347E-1 4.48173E-1 8.57742E-1 1.40914E-2 1.86832E-1 1.79053E-1 1.742E-1
1.90035E-1 2.07633E-1 2.35871E-1 2.76833E-1 1.87276E-2 2.89205E-1 4.81552E-2 2.80589E-2 1.71715E-2 3.23221E-1 1.46858E-3 1.35948E-1 4.05603E-1 2.51758E-1 2.36082E-1 8.76921E-1 2.32378E-4 8.62757E-2 1.83245E-1 1.76639E-1
1.93524E-1 2.16495E-1 2.56082E-1 3.18249E-1 3.54569E-2 8.91011E-2 4.84998E-1 5.61473E-1 2.18124E-1 3.02019E-1 2.66039E-1 6.19014E-1 8.52963E-1 9.37782E-1 8.18155E-1 3.20319E-1 5.30116E-5 3.16095E-2 1.8572E-1 1.7832E-1
1.91745E-1 2.14968E-1 2.57139E-1 4.43606E-1 5.33261E-1 2.19021E-2 1.63844E-1 4.66477E-2 3.54685E-2 5.98882E-2 4.63752E-1 8.54626E-3 1.60151E-1 1.22302E-1 4.33087E-1 2.92337E-1 3.17622E-1 2.09652E-2 1.84936E-1 1.78256E-1
1.85858E-1 2.0412E-1 2.38271E-1 1.67433E-1 3.55813E-1 5.90745E-1 9.05278E-1 9.01765E-1 5.5551E-1 9.30222E-1 6.78069E-1 1.26428E-1 1.17995E-1 1.1374E-1 2.01874E-1 2.67711E-1 2.10418E-2 1.58642E-4 5.99248E-3 1.76525E-1
1.79146E-1 1.90531E-1 3.95199E-1 3.67744E-1 7.62112E-2 9.99848E-1 4.31966E-1 9.22415E-1 9.34569E-1 7.3952E-1 3.29372E-1 7.32535E-1 2.0696E-1 1.99424E-1 1.94121E-1 1.89686E-1 2.06638E-1 2.8814E-1 9.35579E-3 1.74289E-1
2.99325E-1 2.45107E-1 1.73145E-1 2.43644E-1 8.89923E-3 9.54138E-1 6.10303E-1 7.80584E-1 9.04662E-1 1.37546E-2 1.4444E-2 1.68674E-1 1.56895E-1 1.09675E-1 1.06411E-1 1.03297E-1 1.17707E-2 2.25193E-1 2.72542E-1 1.60134E-1
5.24177E-1 3.95327E-1 6.40846E-1 5.0285E-2 3.07406E-2 5.76714E-1 9.74757E-1 6.27728E-5 1.21434E-2 5.20906E-1 2.78168E-1 2.45616E-1 9.68369E-1 9.46095E-1 2.71787E-1 1.47255E-1 9.43504E-1 6.68408E-2 1.75818E-1 4.31805E-3
9.95373E-1 9.2971E-2 2.17311E-1 4.77739E-1 8.95697E-3 8.47879E-1 3.60124E-1 5.71047E-3 5.39226E-1 8.35044E-1 2.40327E-1 4.97513E-1 1.79969E-2 4.14796E-2 2.06963E-1 7.4457E-1 1.44775E-2 9.81672E-1 3.13453E-1 2.36548E-1
2.54815E-1 2.32159E-1 6.54861E-1 3.90604E-1 6.91076E-3 3.44635E-1 9.27261E-3 1.35044E-1 8.85215E-4 2.06456E-2 3.97017E-1 3.91113E-1 9.83713E-1 1.47937E-2 1.1242E-2 3.67935E-1 9.04932E-1 7.38968E-1 1.18977E-3 1.34531E-3
1.36635E-1 1.51415E-1 2.53798E-1 1.63907E-1 1.7032E-1 1.70816E-1 1.71554E-1 1.72794E-1 1.75079E-1 9.55059E-2 2.2046E-1 2.1177E-1 7.27743E-1 2.90001E-1 3.61045E-1 2.69075E-1 2.28218E-1 7.35657E-1 4.03021E-1 2.94678E-3
1.30012E-1 1.3236E-1 1.38126E-1 1.50871E-1 1.69759E-1 1.69895E-1 1.70181E-1 1.70851E-1 1.72391E-1 7.81241E-2 9.02298E-1 9.38123E-3 3.97086E-1 1.60475E-1 3.80869E-2 2.28973E-1 4.94812E-1 4.17731E-1 3.81221E-3 6.00198E-2
1.28945E-1 1.29267E-1 1.30094E-1 1.32037E-1 1.36703E-1 1.50079E-1 1.69811E-1 1.70201E-1 1.71262E-1 1.7369E-1 3.05865E-1 8.35432E-1 6.7585E-1 3.72326E-1 4.82206E-1 4.66837E-1 6.5698E-1 2.55607E-1 4.72212E-2 1.72935E-1
1.28805E-1 1.28841E-1 1.28946E-1 1.29262E-1 1.30397E-1 1.3526E-1 1.57181E-1 1.69944E-1 1.70671E-1 1.72479E-1 1.76124E-1 1.81977E-1 2.06802E-2 1.40238E-1 1.08049E-1 9.43165E-1 1.02534E-1 2.33557E-2 8.10871E-4 1.72166E-1
1.2879E-1 1.28793E-1 1.28808E-1 1.28876E-1 1.2927E-1 1.31462E-1 1.42391E-1 1.69799E-1 1.70247E-1 1.71426E-1 1.73918E-1 1.78092E-1 1.83434E-1 2.55951E-1 4.60573E-1 6.90298E-1 2.58834E-1 2.53661E-4 1.73964E-1 1.71494E-1
